event	type	value	time
0	start	start	42340.365985
1	cue	R	0.016086
2	R	3	2.015609
3	removal	3	2.615131
4	R	4	2.865402
5	removal	4	3.465144
6	R	1	3.714542
7	removal	1	4.314614
8	R	2	4.564653
9	removal	2	5.163726
10	R	1	5.414525
11	removal	1	6.014301
12	R	4	6.264305
13	removal	4	6.863135
14	R	3	7.114007
15	removal	3	7.713729
16	R	2	7.963600
17	removal	2	8.563547
18	R	4	8.813053
19	removal	4	9.412709
20	R	2	9.663182
21	removal	2	10.262480
22	R	3	10.512136
23	removal	3	11.111976
24	R	1	11.361711
25	removal	1	11.961719
26	R	3	12.211788
27	removal	3	12.812168
28	R	1	13.062023
29	removal	1	13.661582
30	R	2	13.911561
31	removal	2	14.510788
32	R	4	14.760798
33	removal	4	15.360744
34	R	3	15.611131
35	removal	3	16.210995
36	R	4	16.460720
37	removal	4	17.060070
38	R	2	17.309890
39	removal	2	17.910375
40	R	1	18.159932
41	removal	1	18.759622
42	R	3	19.009388
43	removal	3	19.609453
44	R	1	19.859686
45	removal	1	20.459620
46	R	2	20.709045
47	removal	2	21.309300
48	R	4	21.558881
49	removal	4	22.158679
50	rest	+	22.408825
51	cue	S	34.404808
52	S	2	36.403771
53	removal	2	37.003572
54	S	3	37.253172
55	removal	3	37.852828
56	S	1	38.103365
57	removal	1	38.702573
58	S	4	38.969120
59	removal	4	39.569849
60	S	3	39.803115
61	removal	3	40.419438
62	S	2	40.668939
63	removal	2	41.268893
64	S	4	41.519231
65	removal	4	42.118059
66	S	1	42.368290
67	removal	1	42.968586
68	S	3	43.218354
69	removal	3	43.817577
70	S	4	44.067854
71	removal	4	44.667302
72	S	2	44.917666
73	removal	2	45.517611
74	S	1	45.767419
75	removal	1	46.367429
76	S	2	46.616843
77	removal	2	47.217234
78	S	3	47.466858
79	removal	3	48.066504
80	S	1	48.316810
81	removal	1	48.916463
82	S	4	49.166536
83	removal	4	49.766176
84	S	3	50.015874
85	removal	3	50.615782
86	S	2	50.865405
87	removal	2	51.465377
88	S	4	51.715598
89	removal	4	52.315346
90	S	1	52.564918
91	removal	1	53.164921
92	S	3	53.415064
93	removal	3	54.014624
94	S	4	54.264714
95	removal	4	54.864461
96	S	2	55.114185
97	removal	2	55.714208
98	S	1	55.963693
99	removal	1	56.563809
100	S	2	56.813418
101	removal	2	57.413199
102	S	3	57.663471
103	removal	3	58.262974
104	S	1	58.513202
105	removal	1	59.113289
106	S	4	59.363015
107	removal	4	59.962286
108	S	3	60.212890
109	removal	3	60.812018
110	S	2	61.062293
111	removal	2	61.661585
112	S	4	61.912222
113	removal	4	62.511693
114	S	1	62.761666
115	removal	1	63.361623
116	S	3	63.611546
117	removal	3	64.211142
118	S	4	64.460769
119	removal	4	65.060747
120	S	2	65.310920
121	removal	2	65.910943
122	S	1	66.160681
123	removal	1	66.760414
124	S	2	67.010147
125	removal	2	67.610025
126	S	3	67.860173
127	removal	3	68.459728
128	S	1	68.709652
129	removal	1	69.309837
130	S	4	69.559230
131	removal	4	70.159154
132	S	3	70.409006
133	removal	3	71.008782
134	S	2	71.259195
135	removal	2	71.858944
136	S	4	72.108806
137	removal	4	72.708723
138	S	1	72.958158
139	removal	1	73.558561
140	S	3	73.807565
141	removal	3	74.408268
142	S	4	74.657740
143	removal	4	75.257977
144	S	2	75.507634
145	removal	2	76.107444
146	S	1	76.357577
147	removal	1	76.957067
148	S	2	77.206957
149	removal	2	77.806993
150	S	3	78.057049
151	removal	3	78.656150
152	S	1	78.906246
153	removal	1	79.506634
154	S	4	79.756239
155	removal	4	80.355687
156	S	3	80.605804
157	removal	3	81.205465
158	S	2	81.455382
159	removal	2	82.055302
160	S	4	82.305328
161	removal	4	82.904974
162	S	1	83.155046
163	removal	1	83.755114
164	S	3	84.005076
165	removal	3	84.604885
166	S	4	84.854734
167	removal	4	85.453926
168	S	2	85.704142
169	removal	2	86.304311
170	S	1	86.553921
171	removal	1	87.153707
172	S	2	87.403356
173	removal	2	88.003154
174	S	3	88.253329
175	removal	3	88.852954
176	S	1	89.119569
177	removal	1	89.719478
178	S	4	89.969618
179	removal	4	90.568601
180	S	3	90.819126
181	removal	3	91.419032
182	S	2	91.669039
183	removal	2	92.268920
184	S	4	92.518470
185	removal	4	93.117813
186	S	1	93.367729
187	removal	1	93.968318
188	S	3	94.217946
189	removal	3	94.818033
190	S	4	95.067725
191	removal	4	95.667363
192	S	2	95.917100
193	removal	2	96.517597
194	S	1	96.766789
195	removal	1	97.366540
196	rest	+	97.617134
197	cue	R	109.612086
198	R	2	111.612304
199	removal	2	112.212128
200	R	1	112.461450
201	removal	1	113.060881
202	R	4	113.311640
203	removal	4	113.911477
204	R	3	114.160879
205	removal	3	114.760458
206	R	4	115.010951
207	removal	4	115.610512
208	R	1	115.860657
209	removal	1	116.460484
210	R	2	116.710451
211	removal	2	117.310394
212	R	3	117.559796
213	removal	3	118.159544
214	R	1	118.410004
215	removal	1	119.009600
216	R	3	119.259475
217	removal	3	119.859482
218	R	2	120.109189
219	removal	2	120.708368
220	R	4	120.958634
221	removal	4	121.558633
222	R	2	121.808346
223	removal	2	122.408501
224	R	4	122.658573
225	removal	4	123.258217
226	R	3	123.508216
227	removal	3	124.108101
228	R	1	124.357953
229	removal	1	124.957608
230	R	2	125.206990
231	removal	2	125.807212
232	R	1	126.056655
233	removal	1	126.656787
234	R	3	126.907027
235	removal	3	127.506799
236	R	4	127.756512
237	removal	4	128.355902
238	R	1	128.606648
239	removal	1	129.205948
240	R	3	129.456026
241	removal	3	130.056127
242	R	4	130.305572
243	removal	4	130.905592
244	R	2	131.155301
245	removal	2	131.755403
246	rest	+	132.004917
247	cue	T	144.017896
248	T	2	146.017137
249	removal	2	146.616824
250	T	1	146.866655
251	removal	1	147.466968
252	T	3	147.716004
253	removal	3	148.316430
254	T	4	148.566174
255	removal	4	149.165998
256	T	3	149.415373
257	removal	3	150.015952
258	T	1	150.265539
259	removal	1	150.865562
260	T	4	151.115204
261	removal	4	151.714814
262	T	2	151.964869
263	removal	2	152.564838
264	T	4	152.814876
265	removal	4	153.414740
266	T	1	153.664293
267	removal	1	154.264264
268	T	2	154.514358
269	removal	2	155.114141
270	T	3	155.364174
271	removal	3	155.963788
272	T	4	156.213927
273	removal	4	156.813633
274	T	3	157.062939
275	removal	3	157.663340
276	T	1	157.913107
277	removal	1	158.512601
278	T	2	158.762917
279	removal	2	159.362766
280	T	4	159.612525
281	removal	4	160.212335
282	T	3	160.461582
283	removal	3	161.061568
284	T	1	161.312145
285	removal	1	161.911353
286	T	2	162.161497
287	removal	2	162.761456
288	T	3	163.011321
289	removal	3	163.611147
290	T	2	163.860920
291	removal	2	164.460600
292	T	1	164.710654
293	removal	1	165.310595
294	T	4	165.560410
295	removal	4	166.160082
296	T	2	166.410059
297	removal	2	167.010160
298	T	1	167.259286
299	removal	1	167.859954
300	T	4	168.109782
301	removal	4	168.709505
302	T	3	168.959243
303	removal	3	169.559240
304	T	4	169.808876
305	removal	4	170.408904
306	T	2	170.658796
307	removal	2	171.258300
308	T	1	171.508432
309	removal	1	172.108363
310	T	3	172.358424
311	removal	3	172.958180
312	T	1	173.207781
313	removal	1	173.808117
314	T	4	174.057860
315	removal	4	174.657736
316	T	3	174.907236
317	removal	3	175.507347
318	T	2	175.757410
319	removal	2	176.356725
320	T	3	176.607003
321	removal	3	177.206818
322	T	1	177.456911
323	removal	1	178.056373
324	T	4	178.306249
325	removal	4	178.905928
326	T	2	179.156110
327	removal	2	179.755857
328	T	4	180.005611
329	removal	4	180.605154
330	T	1	180.855504
331	removal	1	181.454481
332	T	2	181.704781
333	removal	2	182.304614
334	T	3	182.554898
335	removal	3	183.153944
336	T	1	183.404657
337	removal	1	184.004558
338	T	4	184.254379
339	removal	4	184.854025
340	T	3	185.104044
341	removal	3	185.703989
342	T	2	185.953138
343	removal	2	186.553776
344	T	4	186.803140
345	removal	4	187.403423
346	T	2	187.653198
347	removal	2	188.252993
348	T	3	188.519435
349	removal	3	189.119268
350	T	1	189.369368
351	removal	1	189.968624
352	T	4	190.218705
353	removal	4	190.818117
354	T	1	191.068476
355	removal	1	191.668020
356	T	2	191.918604
357	removal	2	192.517693
358	T	3	192.768233
359	removal	3	193.367994
360	T	1	193.617974
361	removal	1	194.217350
362	T	2	194.466899
363	removal	2	195.067062
364	T	3	195.316862
365	removal	3	195.917155
366	T	4	196.166683
367	removal	4	196.766855
368	T	3	197.016730
369	removal	3	197.616122
370	T	1	197.866102
371	removal	1	198.466218
372	T	4	198.716282
373	removal	4	199.315923
374	T	2	199.565577
375	removal	2	200.165653
376	T	1	200.415649
377	removal	1	201.015462
378	T	4	201.265454
379	removal	4	201.864931
380	T	2	202.115106
381	removal	2	202.714885
382	T	3	202.964573
383	removal	3	203.563990
384	T	2	203.814540
385	removal	2	204.414229
386	T	3	204.664061
387	removal	3	205.263864
388	T	4	205.513380
389	removal	4	206.113717
390	T	1	206.363098
391	removal	1	206.963473
392	rest	+	207.213261
393	cue	R	219.209040
394	R	1	221.208135
395	removal	1	221.808495
396	R	2	222.058392
397	removal	2	222.658280
398	R	3	222.907972
399	removal	3	223.508050
400	R	4	223.757446
401	removal	4	224.357087
402	R	3	224.607526
403	removal	3	225.206898
404	R	2	225.457363
405	removal	2	226.056878
406	R	1	226.306411
407	removal	1	226.906443
408	R	4	227.156467
409	removal	4	227.756626
410	R	2	228.006459
411	removal	2	228.605755
412	R	4	228.855993
413	removal	4	229.455914
414	R	1	229.705807
415	removal	1	230.305436
416	R	3	230.555153
417	removal	3	231.155158
418	R	4	231.405028
419	removal	4	232.005221
420	R	2	232.254378
421	removal	2	232.854875
422	R	1	233.104543
423	removal	1	233.704321
424	R	3	233.954501
425	removal	3	234.554032
426	R	4	234.803924
427	removal	4	235.404054
428	R	3	235.653832
429	removal	3	236.253540
430	R	1	236.503150
431	removal	1	237.103483
432	R	2	237.353486
433	removal	2	237.969649
434	R	4	238.219429
435	removal	4	238.819672
436	R	2	239.069240
437	removal	2	239.668972
438	R	1	239.918557
439	removal	1	240.518695
440	R	3	240.768774
441	removal	3	241.367955
442	rest	+	241.618731
443	cue	T	253.614106
444	T	4	255.613296
445	removal	4	256.212748
446	T	3	256.463257
447	removal	3	257.063165
448	T	1	257.312752
449	removal	1	257.912713
450	T	2	258.162300
451	removal	2	258.762325
452	T	4	259.011880
453	removal	4	259.612057
454	T	2	259.861959
455	removal	2	260.461949
456	T	3	260.712122
457	removal	3	261.311243
458	T	1	261.561701
459	removal	1	262.161548
460	T	2	262.411223
461	removal	2	263.011098
462	T	3	263.260995
463	removal	3	263.861009
464	T	4	264.110447
465	removal	4	264.710432
466	T	1	264.960419
467	removal	1	265.559718
468	T	3	265.810353
469	removal	3	266.410039
470	T	4	266.659587
471	removal	4	267.259776
472	T	2	267.509459
473	removal	2	268.109315
474	T	1	268.359292
475	removal	1	268.959049
476	T	3	269.209149
477	removal	3	269.808611
478	T	4	270.058654
479	removal	4	270.658555
480	T	2	270.908494
481	removal	2	271.508058
482	T	1	271.758249
483	removal	1	272.358199
484	T	4	272.607303
485	removal	4	273.207905
486	T	1	273.457474
487	removal	1	274.057158
488	T	2	274.307107
489	removal	2	274.906981
490	T	3	275.157157
491	removal	3	275.756458
492	T	1	276.006391
493	removal	1	276.606493
494	T	2	276.856789
495	removal	2	277.456073
496	T	3	277.706334
497	removal	3	278.305829
498	T	4	278.555770
499	removal	4	279.155678
500	T	2	279.405536
501	removal	2	280.005764
502	T	4	280.255062
503	removal	4	280.854942
504	T	3	281.105434
505	removal	3	281.704591
506	T	1	281.955051
507	removal	1	282.554485
508	T	2	282.804555
509	removal	2	283.404687
510	T	3	283.654080
511	removal	3	284.254036
512	T	4	284.503951
513	removal	4	285.103782
514	T	1	285.353819
515	removal	1	285.953355
516	T	4	286.203788
517	removal	4	286.803602
518	T	2	287.053466
519	removal	2	287.652449
520	T	3	287.919682
521	removal	3	288.519459
522	T	1	288.768700
523	removal	1	289.369045
524	T	2	289.618609
525	removal	2	290.218712
526	T	3	290.468988
527	removal	3	291.068537
528	T	4	291.317951
529	removal	4	291.918111
530	T	1	292.168441
531	removal	1	292.767406
532	T	2	293.017506
533	removal	2	293.617428
534	T	3	293.867306
535	removal	3	294.466960
536	T	4	294.717360
537	removal	4	295.317034
538	T	1	295.567092
539	removal	1	296.166540
540	T	2	296.416883
541	removal	2	297.016512
542	T	4	297.266066
543	removal	4	297.865796
544	T	1	298.116386
545	removal	1	298.715793
546	T	3	298.965838
547	removal	3	299.565636
548	T	2	299.815341
549	removal	2	300.415642
550	T	3	300.665262
551	removal	3	301.265217
552	T	4	301.514639
553	removal	4	302.114906
554	T	1	302.364672
555	removal	1	302.964448
556	T	4	303.214827
557	removal	4	303.814485
558	T	3	304.063922
559	removal	3	304.663530
560	T	2	304.913724
561	removal	2	305.514076
562	T	1	305.763593
563	removal	1	306.363417
564	T	2	306.613637
565	removal	2	307.213464
566	T	4	307.462876
567	removal	4	308.062529
568	T	1	308.313127
569	removal	1	308.912717
570	T	3	309.162645
571	removal	3	309.762161
572	T	4	310.011948
573	removal	4	310.612057
574	T	1	310.862331
575	removal	1	311.461617
576	T	3	311.711583
577	removal	3	312.311567
578	T	2	312.561566
579	removal	2	313.161353
580	T	4	313.411506
581	removal	4	314.011105
582	T	1	314.260882
583	removal	1	314.860773
584	T	2	315.110425
585	removal	2	315.710308
586	T	3	315.960520
587	removal	3	316.560015
588	rest	+	316.810153
589	cue	R	328.805906
590	R	4	330.804430
591	removal	4	331.404943
592	R	3	331.653981
593	removal	3	332.253976
594	R	2	332.504261
595	removal	2	333.104217
596	R	1	333.353665
597	removal	1	333.954015
598	R	2	334.204009
599	removal	2	334.803651
600	R	3	335.053700
601	removal	3	335.653661
602	R	4	335.903397
603	removal	4	336.502695
604	R	1	336.769339
605	removal	1	337.369378
606	R	3	337.619137
607	removal	3	338.218984
608	R	1	338.468802
609	removal	1	339.068529
610	R	4	339.318895
611	removal	4	339.918841
612	R	2	340.168209
613	removal	2	340.768358
614	R	1	341.018319
615	removal	1	341.617693
616	R	3	341.867952
617	removal	3	342.467702
618	R	4	342.717372
619	removal	4	343.317699
620	R	2	343.567481
621	removal	2	344.166493
622	R	1	344.416795
623	removal	1	345.016477
624	R	2	345.266686
625	removal	2	345.866517
626	R	4	346.115853
627	removal	4	346.716396
628	R	3	346.966267
629	removal	3	347.565776
630	R	2	347.815833
631	removal	2	348.415468
632	R	4	348.665562
633	removal	4	349.265056
634	R	3	349.514629
635	removal	3	350.114800
636	R	1	350.364450
637	removal	1	350.964572
638	rest	+	351.214605
639	cue	S	363.210407
640	S	4	365.210089
641	removal	4	365.809921
642	S	3	366.059880
643	removal	3	366.659784
644	S	2	366.909511
645	removal	2	367.508810
646	S	4	367.759042
647	removal	4	368.359246
648	S	1	368.608737
649	removal	1	369.208474
650	S	3	369.458641
651	removal	3	370.058134
652	S	4	370.308132
653	removal	4	370.907834
654	S	2	371.157848
655	removal	2	371.758062
656	S	1	372.007425
657	removal	1	372.607634
658	S	2	372.857779
659	removal	2	373.457328
660	S	3	373.707046
661	removal	3	374.307034
662	S	1	374.556875
663	removal	1	375.156823
664	S	4	375.406721
665	removal	4	376.006412
666	S	3	376.256165
667	removal	3	376.856169
668	S	2	377.106264
669	removal	2	377.706037
670	S	4	377.955985
671	removal	4	378.555525
672	S	1	378.805556
673	removal	1	379.405164
674	S	3	379.654804
675	removal	3	380.255206
676	S	4	380.505123
677	removal	4	381.104523
678	S	2	381.354113
679	removal	2	381.953995
680	S	1	382.204193
681	removal	1	382.803476
682	S	2	383.054028
683	removal	2	383.654020
684	S	3	383.903880
685	removal	3	384.503529
686	S	1	384.753479
687	removal	1	385.353524
688	S	4	385.602554
689	removal	4	386.202671
690	S	3	386.452751
691	removal	3	387.052899
692	S	2	387.319248
693	removal	2	387.919110
694	S	4	388.168752
695	removal	4	388.768335
696	S	1	389.018651
697	removal	1	389.617728
698	S	3	389.868014
699	removal	3	390.468083
700	S	4	390.717758
701	removal	4	391.317704
702	S	2	391.567934
703	removal	2	392.167653
704	S	1	392.417375
705	removal	1	393.016902
706	S	2	393.266587
707	removal	2	393.866978
708	S	3	394.116919
709	removal	3	394.716816
710	S	1	394.966724
711	removal	1	395.566358
712	S	4	395.816306
713	removal	4	396.415525
714	S	3	396.666050
715	removal	3	397.265997
716	S	2	397.515946
717	removal	2	398.115691
718	S	4	398.365815
719	removal	4	398.965286
720	S	1	399.215183
721	removal	1	399.814712
722	S	3	400.064528
723	removal	3	400.664694
724	S	4	400.914623
725	removal	4	401.514309
726	S	2	401.764233
727	removal	2	402.364086
728	S	1	402.614171
729	removal	1	403.213817
730	S	2	403.463957
731	removal	2	404.063412
732	S	3	404.313228
733	removal	3	404.913037
734	S	1	405.163092
735	removal	1	405.763070
736	S	4	406.012840
737	removal	4	406.612525
738	S	3	406.862805
739	removal	3	407.462559
740	S	2	407.711839
741	removal	2	408.312303
742	S	4	408.561919
743	removal	4	409.161880
744	S	1	409.411929
745	removal	1	410.011978
746	S	3	410.261431
747	removal	3	410.861461
748	S	4	411.111611
749	removal	4	411.711131
750	S	2	411.960490
751	removal	2	412.561066
752	S	1	412.810903
753	removal	1	413.410893
754	S	2	413.660568
755	removal	2	414.259632
756	S	3	414.510310
757	removal	3	415.109399
758	S	1	415.360219
759	removal	1	415.959485
760	S	4	416.209354
761	removal	4	416.809590
762	S	3	417.059502
763	removal	3	417.659154
764	S	2	417.908566
765	removal	2	418.508440
766	S	4	418.758055
767	removal	4	419.358542
768	S	1	419.608562
769	removal	1	420.207958
770	S	3	420.457692
771	removal	3	421.057768
772	S	4	421.307660
773	removal	4	421.907464
774	S	2	422.157679
775	removal	2	422.757190
776	S	1	423.007105
777	removal	1	423.606810
778	S	2	423.856715
779	removal	2	424.456403
780	S	3	424.706592
781	removal	3	425.306431
782	S	1	425.556650
783	removal	1	426.156454
784	rest	+	426.406080
785	cue	R	438.418414
786	R	3	440.417738
787	removal	3	441.017827
788	R	2	441.267866
789	removal	2	441.867402
790	R	4	442.117734
791	removal	4	442.717282
792	R	1	442.967466
793	removal	1	443.567161
794	R	4	443.816538
795	removal	4	444.416730
796	R	1	444.666517
797	removal	1	445.266735
798	R	3	445.516394
799	removal	3	446.116281
800	R	2	446.365988
801	removal	2	446.966138
802	R	4	447.215662
803	removal	4	447.815989
804	R	3	448.065713
805	removal	3	448.665332
806	R	1	448.914895
807	removal	1	449.514758
808	R	2	449.765351
809	removal	2	450.364806
810	R	3	450.614755
811	removal	3	451.214153
812	R	4	451.464578
813	removal	4	452.064245
814	R	2	452.313820
815	removal	2	452.913649
816	R	1	453.164120
817	removal	1	453.763742
818	R	3	454.013899
819	removal	3	454.613690
820	R	4	454.863545
821	removal	4	455.463349
822	R	2	455.712895
823	removal	2	456.312675
824	R	1	456.562375
825	removal	1	457.162523
826	R	3	457.412696
827	removal	3	458.012406
828	R	2	458.262499
829	removal	2	458.861922
830	R	4	459.112237
831	removal	4	459.711865
832	R	1	459.961541
833	removal	1	460.561764
834	rest	+	460.811344
