trial	type	block	visual_target	motor_target	rt	onset	duration	made_errors
1	R	1	3	3	0.000000	2.015609	0.834525	1
2	R	1	4	4	0.000000	2.865402	0.834644	1
3	R	1	1	1	0.000000	3.714542	0.835502	1
4	R	1	2	2	0.000000	4.564653	0.835368	1
5	R	1	1	1	0.000000	5.414525	0.835580	1
6	R	1	4	4	0.000000	6.264305	0.835705	1
7	R	1	3	3	0.000000	7.114007	0.836162	1
8	R	1	2	2	0.000000	7.963600	0.836537	1
9	R	1	4	4	0.000000	8.813053	0.837035	1
10	R	1	2	2	0.000000	9.663182	0.836844	1
11	R	1	3	3	0.000000	10.512136	0.838042	1
12	R	1	1	1	0.000000	11.361711	0.838371	1
13	R	1	3	3	0.000000	12.211788	0.838352	1
14	R	1	1	1	0.000000	13.062023	0.838047	1
15	R	1	2	2	0.000000	13.911561	0.838614	1
16	R	1	4	4	0.000000	14.760798	0.839312	1
17	R	1	3	3	0.000000	15.611131	0.838958	1
18	R	1	4	4	0.000000	16.460720	0.839290	1
19	R	1	2	2	0.000000	17.309890	0.840123	1
20	R	1	1	1	0.000000	18.159932	0.840229	1
21	R	1	3	3	0.000000	19.009388	0.840777	1
22	R	1	1	1	0.000000	19.859686	0.840401	1
23	R	1	2	2	0.000000	20.709045	0.841094	1
24	R	1	4	4	0.000000	21.558881	0.841258	1
1	S	2	2	2	0.000000	36.403771	0.846360	1
2	S	2	3	3	0.000000	37.253172	0.846995	1
3	S	2	1	1	0.000000	38.103365	0.846759	1
4	S	2	4	4	0.000000	38.969120	0.830955	1
5	S	2	3	3	0.000000	39.803115	0.846927	1
6	S	2	2	2	0.000000	40.668939	0.831177	1
7	S	2	4	4	0.000000	41.519231	0.830949	1
8	S	2	1	1	0.000000	42.368290	0.831711	1
9	S	2	3	3	0.000000	43.218354	0.831803	1
10	S	2	4	4	0.000000	44.067854	0.832209	1
11	S	2	2	2	0.000000	44.917666	0.832515	1
12	S	2	1	1	0.000000	45.767419	0.832632	1
13	S	2	2	2	0.000000	46.616843	0.833314	1
14	S	2	3	3	0.000000	47.466858	0.833240	1
15	S	2	1	1	0.000000	48.316810	0.833354	1
16	S	2	4	4	0.000000	49.166536	0.833588	1
17	S	2	3	3	0.000000	50.015874	0.834262	1
18	S	2	2	2	0.000000	50.865405	0.834708	1
19	S	2	4	4	0.000000	51.715598	0.834459	1
20	S	2	1	1	0.000000	52.564918	0.835139	1
21	S	2	3	3	0.000000	53.415064	0.834990	1
22	S	2	4	4	0.000000	54.264714	0.835332	1
23	S	2	2	2	0.000000	55.114185	0.835926	1
24	S	2	1	1	0.000000	55.963693	0.836376	1
25	S	2	2	2	0.000000	56.813418	0.836694	1
26	S	2	3	3	0.000000	57.663471	0.836680	1
27	S	2	1	1	0.000000	58.513202	0.836838	1
28	S	2	4	4	0.000000	59.363015	0.837091	1
29	S	2	3	3	0.000000	60.212890	0.837174	1
30	S	2	2	2	0.000000	61.062293	0.837879	1
31	S	2	4	4	0.000000	61.912222	0.837789	1
32	S	2	1	1	0.000000	62.761666	0.838400	1
33	S	2	3	3	0.000000	63.611546	0.838549	1
34	S	2	4	4	0.000000	64.460769	0.839243	1
35	S	2	2	2	0.000000	65.310920	0.839138	1
36	S	2	1	1	0.000000	66.160681	0.839452	1
37	S	2	2	2	0.000000	67.010147	0.839875	1
38	S	2	3	3	0.000000	67.860173	0.839850	1
39	S	2	1	1	0.000000	68.709652	0.840534	1
40	S	2	4	4	0.000000	69.559230	0.840907	1
41	S	2	3	3	0.000000	70.409006	0.841176	1
42	S	2	2	2	0.000000	71.259195	0.840811	1
43	S	2	4	4	0.000000	72.108806	0.841216	1
44	S	2	1	1	0.000000	72.958158	0.841898	1
45	S	2	3	3	0.000000	73.807565	0.842475	1
46	S	2	4	4	0.000000	74.657740	0.842396	1
47	S	2	2	2	0.000000	75.507634	0.842437	1
48	S	2	1	1	0.000000	76.357577	0.842572	1
49	S	2	2	2	0.000000	77.206957	0.843122	1
50	S	2	3	3	0.000000	78.057049	0.843108	1
51	S	2	1	1	0.000000	78.906246	0.843870	1
52	S	2	4	4	0.000000	79.756239	0.843955	1
53	S	2	3	3	0.000000	80.605804	0.844208	1
54	S	2	2	2	0.000000	81.455382	0.844657	1
55	S	2	4	4	0.000000	82.305328	0.844736	1
56	S	2	1	1	0.000000	83.155046	0.844981	1
57	S	2	3	3	0.000000	84.005076	0.844984	1
58	S	2	4	4	0.000000	84.854734	0.845303	1
59	S	2	2	2	0.000000	85.704142	0.845939	1
60	S	2	1	1	0.000000	86.553921	0.846210	1
61	S	2	2	2	0.000000	87.403356	0.846818	1
62	S	2	3	3	0.000000	88.253329	0.846731	1
63	S	2	1	1	0.000000	89.119569	0.830492	1
64	S	2	4	4	0.000000	89.969618	0.830457	1
65	S	2	3	3	0.000000	90.819126	0.831052	1
66	S	2	2	2	0.000000	91.669039	0.831069	1
67	S	2	4	4	0.000000	92.518470	0.831625	1
68	S	2	1	1	0.000000	93.367729	0.832445	1
69	S	2	3	3	0.000000	94.217946	0.832135	1
70	S	2	4	4	0.000000	95.067725	0.832307	1
71	S	2	2	2	0.000000	95.917100	0.833013	1
72	S	2	1	1	0.000000	96.766789	0.833313	1
1	R	3	2	2	0.000000	111.612304	0.837804	1
2	R	3	1	1	0.000000	112.461450	0.838551	1
3	R	3	4	4	0.000000	113.311640	0.838371	1
4	R	3	3	3	0.000000	114.160879	0.839266	1
5	R	3	4	4	0.000000	115.010951	0.839078	1
6	R	3	1	1	0.000000	115.860657	0.839447	1
7	R	3	2	2	0.000000	116.710451	0.839590	1
8	R	3	3	3	0.000000	117.559796	0.840299	1
9	R	3	1	1	0.000000	118.410004	0.840006	1
10	R	3	3	3	0.000000	119.259475	0.840705	1
11	R	3	2	2	0.000000	120.109189	0.840937	1
12	R	3	4	4	0.000000	120.958634	0.841543	1
13	R	3	2	2	0.000000	121.808346	0.841674	1
14	R	3	4	4	0.000000	122.658573	0.841523	1
15	R	3	3	3	0.000000	123.508216	0.841878	1
16	R	3	1	1	0.000000	124.357953	0.842131	1
17	R	3	2	2	0.000000	125.206990	0.843078	1
18	R	3	1	1	0.000000	126.056655	0.843530	1
19	R	3	3	3	0.000000	126.907027	0.843146	1
20	R	3	4	4	0.000000	127.756512	0.843530	1
21	R	3	1	1	0.000000	128.606648	0.843419	1
22	R	3	3	3	0.000000	129.456026	0.844086	1
23	R	3	4	4	0.000000	130.305572	0.844456	1
24	R	3	2	2	0.000000	131.155301	0.844726	1
1	T	4	2	3	0.000000	146.017137	0.833014	1
2	T	4	1	2	0.000000	146.866655	0.833442	1
3	T	4	3	4	0.000000	147.716004	0.834015	1
4	T	4	4	1	0.000000	148.566174	0.833852	1
5	T	4	3	4	0.000000	149.415373	0.834743	1
6	T	4	1	2	0.000000	150.265539	0.834634	1
7	T	4	4	1	0.000000	151.115204	0.834938	1
8	T	4	2	3	0.000000	151.964869	0.835307	1
9	T	4	4	1	0.000000	152.814876	0.835158	1
10	T	4	1	2	0.000000	153.664293	0.835795	1
11	T	4	2	3	0.000000	154.514358	0.835810	1
12	T	4	3	4	0.000000	155.364174	0.835993	1
13	T	4	4	1	0.000000	156.213927	0.836094	1
14	T	4	3	4	0.000000	157.062939	0.837152	1
15	T	4	1	2	0.000000	157.913107	0.837037	1
16	T	4	2	3	0.000000	158.762917	0.837154	1
17	T	4	4	1	0.000000	159.612525	0.837633	1
18	T	4	3	4	0.000000	160.461582	0.838458	1
19	T	4	1	2	0.000000	161.312145	0.837991	1
20	T	4	2	3	0.000000	162.161497	0.838608	1
21	T	4	3	4	0.000000	163.011321	0.838769	1
22	T	4	2	3	0.000000	163.860920	0.839237	1
23	T	4	1	2	0.000000	164.710654	0.839501	1
24	T	4	4	1	0.000000	165.560410	0.839736	1
25	T	4	2	3	0.000000	166.410059	0.840105	1
26	T	4	1	2	0.000000	167.259286	0.840878	1
27	T	4	4	1	0.000000	168.109782	0.840254	1
28	T	4	3	4	0.000000	168.959243	0.840906	1
29	T	4	4	1	0.000000	169.808876	0.841126	1
30	T	4	2	3	0.000000	170.658796	0.841346	1
31	T	4	1	2	0.000000	171.508432	0.841714	1
32	T	4	3	4	0.000000	172.358424	0.841670	1
33	T	4	1	2	0.000000	173.207781	0.842313	1
34	T	4	4	1	0.000000	174.057860	0.842254	1
35	T	4	3	4	0.000000	174.907236	0.842885	1
36	T	4	2	3	0.000000	175.757410	0.842712	1
37	T	4	3	4	0.000000	176.607003	0.843086	1
38	T	4	1	2	0.000000	177.456911	0.843136	1
39	T	4	4	1	0.000000	178.306249	0.843794	1
40	T	4	2	3	0.000000	179.156110	0.843900	1
41	T	4	4	1	0.000000	180.005611	0.844515	1
42	T	4	1	2	0.000000	180.855504	0.844673	1
43	T	4	2	3	0.000000	181.704781	0.845242	1
44	T	4	3	4	0.000000	182.554898	0.845144	1
45	T	4	1	2	0.000000	183.404657	0.845498	1
46	T	4	4	1	0.000000	184.254379	0.845690	1
47	T	4	3	4	0.000000	185.104044	0.846101	1
48	T	4	2	3	0.000000	185.953138	0.847011	1
49	T	4	4	1	0.000000	186.803140	0.846880	1
50	T	4	2	3	0.000000	187.653198	0.846973	1
51	T	4	3	4	0.000000	188.519435	0.830742	1
52	T	4	1	2	0.000000	189.369368	0.830714	1
53	T	4	4	1	0.000000	190.218705	0.831441	1
54	T	4	1	2	0.000000	191.068476	0.831527	1
55	T	4	2	3	0.000000	191.918604	0.831573	1
56	T	4	3	4	0.000000	192.768233	0.831971	1
57	T	4	1	2	0.000000	193.617974	0.832079	1
58	T	4	2	3	0.000000	194.466899	0.833227	1
59	T	4	3	4	0.000000	195.316862	0.833272	1
60	T	4	4	1	0.000000	196.166683	0.833345	1
61	T	4	3	4	0.000000	197.016730	0.833416	1
62	T	4	1	2	0.000000	197.866102	0.833989	1
63	T	4	4	1	0.000000	198.716282	0.833897	1
64	T	4	2	3	0.000000	199.565577	0.834461	1
65	T	4	1	2	0.000000	200.415649	0.834481	1
66	T	4	4	1	0.000000	201.265454	0.834622	1
67	T	4	2	3	0.000000	202.115106	0.835034	1
68	T	4	3	4	0.000000	202.964573	0.835557	1
69	T	4	2	3	0.000000	203.814540	0.835558	1
70	T	4	3	4	0.000000	204.664061	0.836109	1
71	T	4	4	1	0.000000	205.513380	0.836726	1
72	T	4	1	2	0.000000	206.363098	0.837048	1
1	R	5	1	1	0.000000	221.208135	0.842033	1
2	R	5	2	2	0.000000	222.058392	0.841785	1
3	R	5	3	3	0.000000	222.907972	0.842031	1
4	R	5	4	4	0.000000	223.757446	0.842720	1
5	R	5	3	3	0.000000	224.607526	0.842614	1
6	R	5	2	2	0.000000	225.457363	0.842690	1
7	R	5	1	1	0.000000	226.306411	0.843650	1
8	R	5	4	4	0.000000	227.156467	0.843695	1
9	R	5	2	2	0.000000	228.006459	0.843655	1
10	R	5	4	4	0.000000	228.855993	0.844160	1
11	R	5	1	1	0.000000	229.705807	0.844220	1
12	R	5	3	3	0.000000	230.555153	0.844850	1
13	R	5	4	4	0.000000	231.405028	0.845011	1
14	R	5	2	2	0.000000	232.254378	0.845808	1
15	R	5	1	1	0.000000	233.104543	0.845539	1
16	R	5	3	3	0.000000	233.954501	0.845648	1
17	R	5	4	4	0.000000	234.803924	0.846178	1
18	R	5	3	3	0.000000	235.653832	0.846211	1
19	R	5	1	1	0.000000	236.503150	0.846854	1
20	R	5	2	2	0.000000	237.353486	0.846546	1
21	R	5	4	4	0.000000	238.219429	0.830700	1
22	R	5	2	2	0.000000	239.069240	0.830933	1
23	R	5	1	1	0.000000	239.918557	0.831509	1
24	R	5	3	3	0.000000	240.768774	0.831236	1
1	T	6	4	1	0.000000	255.613296	0.836761	1
2	T	6	3	4	0.000000	256.463257	0.836833	1
3	T	6	1	2	0.000000	257.312752	0.837368	1
4	T	6	2	3	0.000000	258.162300	0.837847	1
5	T	6	4	1	0.000000	259.011880	0.838135	1
6	T	6	2	3	0.000000	259.861959	0.838092	1
7	T	6	3	4	0.000000	260.712122	0.838046	1
8	T	6	1	2	0.000000	261.561701	0.838320	1
9	T	6	2	3	0.000000	262.411223	0.838912	1
10	T	6	3	4	0.000000	263.260995	0.839093	1
11	T	6	4	1	0.000000	264.110447	0.839564	1
12	T	6	1	2	0.000000	264.960419	0.839605	1
13	T	6	3	4	0.000000	265.810353	0.839815	1
14	T	6	4	1	0.000000	266.659587	0.840420	1
15	T	6	2	3	0.000000	267.509459	0.840597	1
16	T	6	1	2	0.000000	268.359292	0.840773	1
17	T	6	3	4	0.000000	269.209149	0.840910	1
18	T	6	4	1	0.000000	270.058654	0.841449	1
19	T	6	2	3	0.000000	270.908494	0.841628	1
20	T	6	1	2	0.000000	271.758249	0.841833	1
21	T	6	4	1	0.000000	272.607303	0.842844	1
22	T	6	1	2	0.000000	273.457474	0.842651	1
23	T	6	2	3	0.000000	274.307107	0.842913	1
24	T	6	3	4	0.000000	275.157157	0.842975	1
25	T	6	1	2	0.000000	276.006391	0.843687	1
26	T	6	2	3	0.000000	276.856789	0.843256	1
27	T	6	3	4	0.000000	277.706334	0.843681	1
28	T	6	4	1	0.000000	278.555770	0.844264	1
29	T	6	2	3	0.000000	279.405536	0.844564	1
30	T	6	4	1	0.000000	280.255062	0.845113	1
31	T	6	3	4	0.000000	281.105434	0.844573	1
32	T	6	1	2	0.000000	281.955051	0.844983	1
33	T	6	2	3	0.000000	282.804555	0.845506	1
34	T	6	3	4	0.000000	283.654080	0.846007	1
35	T	6	4	1	0.000000	284.503951	0.846118	1
36	T	6	1	2	0.000000	285.353819	0.846269	1
37	T	6	4	1	0.000000	286.203788	0.846262	1
38	T	6	2	3	0.000000	287.053466	0.846692	1
39	T	6	3	4	0.000000	287.919682	0.830369	1
40	T	6	1	2	0.000000	288.768700	0.831373	1
41	T	6	2	3	0.000000	289.618609	0.831488	1
42	T	6	3	4	0.000000	290.468988	0.831172	1
43	T	6	4	1	0.000000	291.317951	0.832162	1
44	T	6	1	2	0.000000	292.168441	0.831720	1
45	T	6	2	3	0.000000	293.017506	0.832680	1
46	T	6	3	4	0.000000	293.867306	0.832838	1
47	T	6	4	1	0.000000	294.717360	0.832698	1
48	T	6	1	2	0.000000	295.567092	0.833037	1
49	T	6	2	3	0.000000	296.416883	0.833233	1
50	T	6	4	1	0.000000	297.266066	0.834069	1
51	T	6	1	2	0.000000	298.116386	0.833764	1
52	T	6	3	4	0.000000	298.965838	0.834313	1
53	T	6	2	3	0.000000	299.815341	0.834736	1
54	T	6	3	4	0.000000	300.665262	0.834773	1
55	T	6	4	1	0.000000	301.514639	0.835491	1
56	T	6	1	2	0.000000	302.364672	0.835433	1
57	T	6	4	1	0.000000	303.214827	0.835272	1
58	T	6	3	4	0.000000	304.063922	0.836135	1
59	T	6	2	3	0.000000	304.913724	0.836354	1
60	T	6	1	2	0.000000	305.763593	0.836571	1
61	T	6	2	3	0.000000	306.613637	0.836469	1
62	T	6	4	1	0.000000	307.462876	0.837220	1
63	T	6	1	2	0.000000	308.313127	0.836938	1
64	T	6	3	4	0.000000	309.162645	0.837452	1
65	T	6	4	1	0.000000	310.011948	0.838085	1
66	T	6	1	2	0.000000	310.862331	0.837733	1
67	T	6	3	4	0.000000	311.711583	0.838524	1
68	T	6	2	3	0.000000	312.561566	0.838486	1
69	T	6	4	1	0.000000	313.411506	0.838591	1
70	T	6	1	2	0.000000	314.260882	0.839120	1
71	T	6	2	3	0.000000	315.110425	0.839634	1
72	T	6	3	4	0.000000	315.960520	0.839574	1
1	R	7	4	4	0.000000	330.804430	0.845652	1
2	R	7	3	3	0.000000	331.653981	0.846058	1
3	R	7	2	2	0.000000	332.504261	0.845910	1
4	R	7	1	1	0.000000	333.353665	0.846459	1
5	R	7	2	2	0.000000	334.204009	0.845995	1
6	R	7	3	3	0.000000	335.053700	0.846312	1
7	R	7	4	4	0.000000	335.903397	0.846734	1
8	R	7	1	1	0.000000	336.769339	0.830782	1
9	R	7	3	3	0.000000	337.619137	0.830925	1
10	R	7	1	1	0.000000	338.468802	0.831287	1
11	R	7	4	4	0.000000	339.318895	0.831271	1
12	R	7	2	2	0.000000	340.168209	0.831803	1
13	R	7	1	1	0.000000	341.018319	0.831741	1
14	R	7	3	3	0.000000	341.867952	0.832190	1
15	R	7	4	4	0.000000	342.717372	0.832757	1
16	R	7	2	2	0.000000	343.567481	0.832682	1
17	R	7	1	1	0.000000	344.416795	0.833218	1
18	R	7	2	2	0.000000	345.266686	0.833488	1
19	R	7	4	4	0.000000	346.115853	0.834237	1
20	R	7	3	3	0.000000	346.966267	0.833790	1
21	R	7	2	2	0.000000	347.815833	0.834211	1
22	R	7	4	4	0.000000	348.665562	0.834517	1
23	R	7	3	3	0.000000	349.514629	0.835498	1
24	R	7	1	1	0.000000	350.364450	0.835674	1
1	S	8	4	4	0.000000	365.210089	0.839983	1
2	S	8	3	3	0.000000	366.059880	0.840259	1
3	S	8	2	2	0.000000	366.909511	0.840600	1
4	S	8	4	4	0.000000	367.759042	0.841054	1
5	S	8	1	1	0.000000	368.608737	0.841329	1
6	S	8	3	3	0.000000	369.458641	0.841416	1
7	S	8	4	4	0.000000	370.308132	0.842007	1
8	S	8	2	2	0.000000	371.157848	0.842153	1
9	S	8	1	1	0.000000	372.007425	0.842720	1
10	S	8	2	2	0.000000	372.857779	0.842398	1
11	S	8	3	3	0.000000	373.707046	0.843126	1
12	S	8	1	1	0.000000	374.556875	0.843133	1
13	S	8	4	4	0.000000	375.406721	0.843402	1
14	S	8	3	3	0.000000	376.256165	0.843920	1
15	S	8	2	2	0.000000	377.106264	0.843798	1
16	S	8	4	4	0.000000	377.955985	0.844183	1
17	S	8	1	1	0.000000	378.805556	0.844493	1
18	S	8	3	3	0.000000	379.654804	0.845321	1
19	S	8	4	4	0.000000	380.505123	0.844933	1
20	S	8	2	2	0.000000	381.354113	0.846019	1
21	S	8	1	1	0.000000	382.204193	0.845917	1
22	S	8	2	2	0.000000	383.054028	0.846030	1
23	S	8	3	3	0.000000	383.903880	0.846249	1
24	S	8	1	1	0.000000	384.753479	0.846580	1
25	S	8	4	4	0.000000	385.602554	0.847522	1
26	S	8	3	3	0.000000	386.452751	0.847317	1
27	S	8	2	2	0.000000	387.319248	0.830785	1
28	S	8	4	4	0.000000	388.168752	0.831283	1
29	S	8	1	1	0.000000	389.018651	0.831500	1
30	S	8	3	3	0.000000	389.868014	0.832153	1
31	S	8	4	4	0.000000	390.717758	0.832322	1
32	S	8	2	2	0.000000	391.567934	0.832078	1
33	S	8	1	1	0.000000	392.417375	0.832657	1
34	S	8	2	2	0.000000	393.266587	0.833504	1
35	S	8	3	3	0.000000	394.116919	0.833245	1
36	S	8	1	1	0.000000	394.966724	0.833296	1
37	S	8	4	4	0.000000	395.816306	0.833825	1
38	S	8	3	3	0.000000	396.666050	0.833971	1
39	S	8	2	2	0.000000	397.515946	0.834196	1
40	S	8	4	4	0.000000	398.365815	0.834191	1
41	S	8	1	1	0.000000	399.215183	0.834966	1
42	S	8	3	3	0.000000	400.064528	0.835536	1
43	S	8	4	4	0.000000	400.914623	0.835451	1
44	S	8	2	2	0.000000	401.764233	0.835819	1
45	S	8	1	1	0.000000	402.614171	0.835949	1
46	S	8	2	2	0.000000	403.463957	0.836188	1
47	S	8	3	3	0.000000	404.313228	0.836844	1
48	S	8	1	1	0.000000	405.163092	0.837010	1
49	S	8	4	4	0.000000	406.012840	0.837194	1
50	S	8	3	3	0.000000	406.862805	0.837209	1
51	S	8	2	2	0.000000	407.711839	0.838238	1
52	S	8	4	4	0.000000	408.561919	0.838244	1
53	S	8	1	1	0.000000	409.411929	0.838176	1
54	S	8	3	3	0.000000	410.261431	0.838650	1
55	S	8	4	4	0.000000	411.111611	0.838557	1
56	S	8	2	2	0.000000	411.960490	0.839591	1
57	S	8	1	1	0.000000	412.810903	0.839276	1
58	S	8	2	2	0.000000	413.660568	0.839482	1
59	S	8	3	3	0.000000	414.510310	0.839841	1
60	S	8	1	1	0.000000	415.360219	0.839851	1
61	S	8	4	4	0.000000	416.209354	0.840761	1
62	S	8	3	3	0.000000	417.059502	0.840631	1
63	S	8	2	2	0.000000	417.908566	0.841521	1
64	S	8	4	4	0.000000	418.758055	0.842095	1
65	S	8	1	1	0.000000	419.608562	0.841473	1
66	S	8	3	3	0.000000	420.457692	0.842410	1
67	S	8	4	4	0.000000	421.307660	0.842518	1
68	S	8	2	2	0.000000	422.157679	0.842439	1
69	S	8	1	1	0.000000	423.007105	0.842918	1
70	S	8	2	2	0.000000	423.856715	0.843350	1
71	S	8	3	3	0.000000	424.706592	0.843464	1
72	S	8	1	1	0.000000	425.556650	0.843446	1
1	R	9	3	3	0.000000	440.417738	0.832329	1
2	R	9	2	2	0.000000	441.267866	0.832208	1
3	R	9	4	4	0.000000	442.117734	0.832353	1
4	R	9	1	1	0.000000	442.967466	0.832698	1
5	R	9	4	4	0.000000	443.816538	0.833503	1
6	R	9	1	1	0.000000	444.666517	0.833529	1
7	R	9	3	3	0.000000	445.516394	0.833793	1
8	R	9	2	2	0.000000	446.365988	0.834024	1
9	R	9	4	4	0.000000	447.215662	0.834464	1
10	R	9	3	3	0.000000	448.065713	0.834319	1
11	R	9	1	1	0.000000	448.914895	0.835119	1
12	R	9	2	2	0.000000	449.765351	0.834763	1
13	R	9	3	3	0.000000	450.614755	0.835370	1
14	R	9	4	4	0.000000	451.464578	0.835520	1
15	R	9	2	2	0.000000	452.313820	0.836210	1
16	R	9	1	1	0.000000	453.164120	0.836019	1
17	R	9	3	3	0.000000	454.013899	0.836120	1
18	R	9	4	4	0.000000	454.863545	0.836495	1
19	R	9	2	2	0.000000	455.712895	0.837201	1
20	R	9	1	1	0.000000	456.562375	0.837639	1
21	R	9	3	3	0.000000	457.412696	0.837415	1
22	R	9	2	2	0.000000	458.262499	0.837597	1
23	R	9	4	4	0.000000	459.112237	0.837839	1
24	R	9	1	1	0.000000	459.961541	0.838494	1
