trial	type	block	visual_target	motor_target	rt	onset	duration	made_errors
1	R	1	2	2	0.632559	2.015258	0.834870	0
2	R	1	3	3	0.310559	2.865257	0.834775	0
3	R	1	1	1	0.372199	3.715583	0.834512	0
4	R	1	4	4	0.370105	4.565713	0.834366	0
5	R	1	3	3	0.352150	5.415670	0.834523	0
6	R	1	2	2	0.365824	6.265995	0.834031	0
7	R	1	4	4	0.348252	7.115562	0.834496	0
8	R	1	1	1	0.305540	7.966247	0.833855	0
9	R	1	2	2	0.383978	8.815806	0.834345	0
10	R	1	1	1	0.349953	9.665865	0.834142	0
11	R	1	3	3	0.587524	10.516463	0.833638	0
12	R	1	4	4	0.313969	11.365843	0.834201	0
13	R	1	1	1	0.375058	12.216724	0.833441	0
14	R	1	2	2	0.309690	13.066125	0.834012	0
15	R	1	4	4	0.330851	13.916967	0.833194	0
16	R	1	3	3	0.368542	14.767275	0.832841	0
17	R	1	4	4	0.383307	15.616482	0.833662	0
18	R	1	3	3	0.348714	16.467105	0.832995	0
19	R	1	1	1	0.322662	17.317150	0.833021	0
20	R	1	2	2	0.328126	18.167694	0.832388	0
21	R	1	4	4	0.310128	19.017690	0.832341	0
22	R	1	1	1	0.308094	19.867708	0.832298	0
23	R	1	3	3	0.298186	20.717604	0.832510	0
24	R	1	2	2	0.440265	21.567560	0.832525	0
1	T	2	3	4	0.629639	36.420533	0.829557	0
2	T	2	4	1	0.651986	37.270209	0.829886	0
3	T	2	2	3	0.593774	38.120410	0.829699	0
4	T	2	1	2	0.711911	38.970250	0.829866	0
5	T	2	2	3	0.605656	39.820539	0.829586	0
6	T	2	4	1	0.546994	40.671201	0.828830	0
7	T	2	1	2	0.584987	41.521375	0.828702	0
8	T	2	3	4	0.471205	42.370991	0.829146	0
9	T	2	1	2	0.492745	43.221447	0.828651	0
10	T	2	4	1	0.666704	44.071492	0.828679	0
11	T	2	3	4	0.000000	44.921394	0.828614	1
12	T	2	2	3	0.000000	45.772021	0.828004	1
13	T	2	1	2	0.000000	46.621184	0.828984	1
14	T	2	2	3	0.000000	47.471435	0.828598	1
15	T	2	4	1	0.735736	48.322456	0.827640	1
16	T	2	3	4	0.694453	49.171742	0.828430	0
17	T	2	2	3	0.747804	50.022392	0.827699	0
18	T	2	1	2	0.626054	50.872140	0.827897	0
19	T	2	3	4	0.679189	51.722973	0.827213	0
20	T	2	4	1	0.509459	52.572735	0.827337	0
21	T	2	2	3	0.579067	53.423250	0.826914	0
22	T	2	3	4	0.513028	54.273174	0.826911	0
23	T	2	4	1	0.550682	55.123480	0.826590	0
24	T	2	1	2	0.000000	55.972865	0.827233	1
25	T	2	3	4	0.714917	56.823243	0.826776	0
26	T	2	4	1	0.608823	57.673374	0.826794	0
27	T	2	1	2	0.590533	58.523721	0.826351	0
28	T	2	2	3	0.604348	59.373850	0.826310	0
29	T	2	1	2	0.626065	60.224129	0.826022	0
30	T	2	3	4	0.616407	61.073789	0.826244	0
31	T	2	4	1	0.518371	61.923815	0.826268	0
32	T	2	2	3	0.524086	62.774105	0.825909	0
33	T	2	4	1	0.705625	63.624568	0.825602	0
34	T	2	1	2	0.543354	64.474839	0.825215	0
35	T	2	2	3	0.477378	65.324815	0.825203	0
36	T	2	3	4	0.419304	66.174878	0.825145	0
37	T	2	1	2	0.000000	67.025131	0.825048	1
38	T	2	3	4	0.599605	67.874651	0.825379	1
39	T	2	2	3	0.692766	68.725427	0.824645	0
40	T	2	4	1	0.539009	69.575183	0.824983	0
41	T	2	3	4	0.560713	70.425483	0.824534	0
42	T	2	2	3	0.000000	71.275772	0.824392	1
43	T	2	1	2	0.000000	72.125851	0.824284	1
44	T	2	4	1	0.000000	72.976166	0.823861	1
45	T	2	3	4	0.720200	73.825995	0.824118	1
46	T	2	2	3	0.502569	74.675624	0.824426	0
47	T	2	1	2	0.000000	75.526275	0.823843	1
48	T	2	4	1	0.000000	76.376218	0.823849	1
49	T	2	3	4	0.000000	77.226235	0.823853	1
50	T	2	1	2	0.000000	78.076976	0.823054	1
51	T	2	4	1	0.732164	78.910029	0.840044	0
52	T	2	2	3	0.000000	79.776462	0.823686	1
53	T	2	3	4	0.672112	80.610078	0.840071	1
54	T	2	2	3	0.000000	81.460658	0.839399	1
55	T	2	1	2	0.715292	82.310904	0.839156	0
56	T	2	4	1	0.000000	83.160813	0.839331	1
57	T	2	2	3	0.000000	84.010755	0.839383	1
58	T	2	1	2	0.000000	84.861242	0.838946	1
59	T	2	4	1	0.000000	85.710913	0.839113	1
60	T	2	3	4	0.000000	86.561616	0.838549	1
61	T	2	4	1	0.590535	87.411727	0.838380	0
62	T	2	2	3	0.000000	88.261905	0.838198	1
63	T	2	3	4	0.650381	89.111799	0.838362	1
64	T	2	1	2	0.552845	89.961322	0.838813	0
65	T	2	3	4	0.574095	90.812096	0.837966	0
66	T	2	2	3	0.000000	91.662351	0.837747	1
67	T	2	4	1	0.553953	92.512241	0.837815	0
68	T	2	1	2	0.000000	93.362605	0.837452	1
69	T	2	3	4	0.517583	94.212613	0.837485	0
70	T	2	2	3	0.000000	95.062633	0.837541	1
71	T	2	1	2	0.000000	95.912468	0.837603	1
72	T	2	4	1	0.583209	96.762973	0.837118	1
1	R	3	4	4	0.798348	111.615438	0.834569	0
2	R	3	1	1	0.324725	112.465216	0.834961	0
3	R	3	3	3	0.434215	113.315716	0.834420	0
4	R	3	2	2	0.000000	114.165392	0.834730	1
5	R	3	1	1	0.430318	115.015591	0.834556	0
6	R	3	4	4	0.380641	115.865301	0.834722	0
7	R	3	2	2	0.338126	116.715810	0.834239	0
8	R	3	3	3	0.543515	117.566430	0.833627	0
9	R	3	1	1	0.317724	118.416221	0.833810	0
10	R	3	2	2	0.523268	119.266644	0.833526	0
11	R	3	4	4	0.553180	120.116762	0.833343	0
12	R	3	3	3	0.375366	120.966547	0.833471	0
13	R	3	4	4	0.388895	121.817051	0.833019	0
14	R	3	3	3	0.386828	122.667114	0.833036	0
15	R	3	1	1	0.481190	123.516757	0.833277	0
16	R	3	2	2	0.390824	124.367108	0.833007	0
17	R	3	1	1	0.492882	125.217031	0.833002	0
18	R	3	2	2	0.410435	126.067508	0.832668	0
19	R	3	4	4	0.304667	126.917277	0.832733	0
20	R	3	3	3	0.333983	127.767966	0.832215	0
21	R	3	1	1	0.307894	128.618051	0.831970	0
22	R	3	4	4	0.322171	129.467774	0.832320	0
23	R	3	2	2	0.320101	130.317812	0.832300	0
24	R	3	3	3	0.261550	131.168396	0.831666	0
1	S	4	1	1	0.000000	146.020795	0.829212	1
2	S	4	3	3	0.000000	146.870589	0.829519	1
3	S	4	4	4	0.566517	147.720542	0.829476	0
4	S	4	2	2	0.571967	148.571066	0.828977	0
5	S	4	1	1	0.362193	149.420877	0.829280	0
6	S	4	2	2	0.599928	150.271199	0.828914	0
7	S	4	3	3	0.397817	151.121251	0.828761	0
8	S	4	1	1	0.355297	151.971775	0.828352	0
9	S	4	4	4	0.401131	152.821915	0.828263	0
10	S	4	3	3	0.544052	153.671018	0.829089	0
11	S	4	2	2	0.412995	154.522077	0.827974	0
12	S	4	4	4	0.355690	155.371379	0.828747	0
13	S	4	1	1	0.304741	156.222333	0.827763	0
14	S	4	3	3	0.350738	157.072309	0.827726	0
15	S	4	4	4	0.324530	157.922537	0.827499	0
16	S	4	2	2	0.386874	158.772193	0.827821	0
17	S	4	1	1	0.264857	159.622215	0.827930	0
18	S	4	2	2	0.359043	160.472028	0.827983	0
19	S	4	3	3	0.276756	161.322288	0.827785	0
20	S	4	1	1	0.345933	162.173136	0.826981	0
21	S	4	4	4	0.360161	163.022910	0.827187	0
22	S	4	3	3	0.318075	163.873013	0.827000	0
23	S	4	2	2	0.531703	164.723333	0.826757	0
24	S	4	4	4	0.337568	165.573510	0.826640	0
25	S	4	1	1	0.295554	166.423515	0.826570	0
26	S	4	3	3	0.325345	167.273723	0.826455	0
27	S	4	4	4	0.347078	168.123990	0.826141	0
28	S	4	2	2	0.489680	168.973356	0.826824	0
29	S	4	1	1	0.303138	169.823906	0.826219	0
30	S	4	2	2	0.356845	170.674223	0.825915	0
31	S	4	3	3	0.314468	171.524600	0.825560	0
32	S	4	1	1	0.312684	172.374381	0.825756	0
33	S	4	4	4	0.230302	173.224726	0.825334	0
34	S	4	3	3	0.492310	174.074762	0.825411	0
35	S	4	2	2	0.410176	174.924888	0.825213	0
36	S	4	4	4	0.392654	175.774409	0.825598	0
37	S	4	1	1	0.253986	176.625083	0.825013	0
38	S	4	3	3	0.291913	177.475156	0.824981	0
39	S	4	4	4	0.337352	178.325719	0.824392	0
40	S	4	2	2	0.287249	179.175821	0.824306	0
41	S	4	1	1	0.205418	180.025649	0.824389	0
42	S	4	2	2	0.595465	180.875636	0.824457	0
43	S	4	3	3	0.304930	181.726104	0.824011	0
44	S	4	1	1	0.358936	182.576122	0.823887	0
45	S	4	4	4	0.277421	183.425641	0.824371	0
46	S	4	3	3	0.322963	184.276075	0.824041	0
47	S	4	2	2	0.288299	185.126775	0.823257	0
48	S	4	4	4	0.319091	185.975978	0.824139	0
49	S	4	1	1	0.300332	186.826736	0.823380	0
50	S	4	3	3	0.291027	187.660040	0.840079	0
51	S	4	4	4	0.320907	188.510161	0.839851	0
52	S	4	2	2	0.263101	189.359969	0.840147	0
53	S	4	1	1	0.213033	190.210017	0.840000	0
54	S	4	2	2	0.402673	191.060391	0.839737	0
55	S	4	3	3	0.280724	191.910342	0.839707	0
56	S	4	1	1	0.374188	192.760881	0.839182	0
57	S	4	4	4	0.203620	193.611448	0.838725	0
58	S	4	3	3	0.273494	194.461576	0.838578	0
59	S	4	2	2	0.288355	195.310710	0.839313	0
60	S	4	4	4	0.357265	196.161776	0.838288	0
61	S	4	1	1	0.219255	197.011812	0.838286	0
62	S	4	3	3	0.281313	197.861756	0.838346	0
63	S	4	4	4	0.263852	198.711219	0.838884	0
64	S	4	2	2	0.269726	199.561343	0.838692	0
65	S	4	1	1	0.194785	200.412284	0.837831	0
66	S	4	2	2	0.520688	201.262382	0.837769	0
67	S	4	3	3	0.254529	202.112524	0.837597	0
68	S	4	1	1	0.372238	202.962829	0.837326	0
69	S	4	4	4	0.282135	203.812925	0.837092	0
70	S	4	3	3	0.320317	204.662754	0.837275	0
71	S	4	2	2	0.269910	205.513159	0.836866	0
72	S	4	4	4	0.291773	206.363298	0.836858	0
1	R	5	1	1	0.510807	221.215479	0.834559	0
2	R	5	4	4	0.364711	222.065726	0.834338	0
3	R	5	2	2	0.298596	222.915847	0.834317	0
4	R	5	3	3	0.296678	223.765766	0.834385	0
5	R	5	2	2	0.495187	224.615251	0.834798	0
6	R	5	3	3	0.276603	225.465845	0.834208	0
7	R	5	1	1	0.378287	226.316157	0.833992	0
8	R	5	4	4	0.312013	227.166433	0.833667	0
9	R	5	3	3	0.342130	228.016316	0.833708	0
10	R	5	4	4	0.716489	228.865956	0.834195	1
11	R	5	2	2	0.425757	229.716684	0.833347	0
12	R	5	1	1	0.295366	230.567078	0.833093	0
13	R	5	2	2	0.477835	231.416574	0.833552	0
14	R	5	1	1	0.411740	232.266706	0.833297	0
15	R	5	3	3	0.257085	233.117358	0.832766	0
16	R	5	4	4	0.247594	233.966823	0.833298	0
17	R	5	2	2	0.300862	234.817581	0.832466	0
18	R	5	1	1	0.370897	235.667548	0.832471	0
19	R	5	3	3	0.280839	236.517606	0.832505	0
20	R	5	4	4	0.406757	237.367676	0.832358	1
21	R	5	2	2	0.332715	238.217728	0.832340	0
22	R	5	3	3	0.546164	239.068283	0.831858	0
23	R	5	1	1	0.352269	239.918176	0.831976	0
24	R	5	4	4	0.000000	240.768657	0.831506	1
1	S	6	2	2	0.593899	255.620646	0.829383	0
2	S	6	1	1	0.359794	256.470778	0.829357	0
3	S	6	2	2	0.381849	257.320721	0.829447	0
4	S	6	3	3	0.619361	258.171204	0.828837	0
5	S	6	1	1	0.393445	259.021125	0.829035	0
6	S	6	4	4	0.447071	259.871498	0.828656	0
7	S	6	3	3	0.396955	260.721616	0.828490	0
8	S	6	2	2	0.491053	261.571503	0.828625	0
9	S	6	4	4	0.416586	262.421984	0.828057	0
10	S	6	1	1	0.326781	263.271789	0.828388	0
11	S	6	3	3	0.356685	264.121884	0.828246	0
12	S	6	4	4	0.354773	264.971796	0.828336	0
13	S	6	2	2	0.328231	265.822343	0.827704	0
14	S	6	1	1	0.302507	266.672062	0.828023	0
15	S	6	2	2	0.572100	267.522471	0.827616	0
16	S	6	3	3	0.354048	268.372520	0.827583	0
17	S	6	1	1	0.319869	269.222702	0.827424	0
18	S	6	4	4	0.318027	270.072513	0.827560	0
19	S	6	3	3	0.371712	270.922858	0.827264	0
20	S	6	2	2	0.297254	271.773316	0.826703	0
21	S	6	4	4	0.463120	272.623429	0.826630	0
22	S	6	1	1	0.397221	273.473351	0.826661	0
23	S	6	3	3	0.298874	274.323696	0.826467	0
24	S	6	4	4	0.296940	275.173630	0.826416	0
25	S	6	2	2	0.326708	276.023861	0.826155	0
26	S	6	1	1	0.301340	276.873226	0.826796	0
27	S	6	2	2	0.000000	277.723936	0.826168	1
28	S	6	3	3	0.320562	278.573999	0.826039	0
29	S	6	1	1	0.414738	279.423824	0.826260	0
30	S	6	4	4	0.324339	280.274236	0.825823	0
31	S	6	3	3	0.338007	281.124550	0.825458	0
32	S	6	2	2	0.320523	281.974044	0.826113	0
33	S	6	4	4	0.302211	282.824359	0.825704	0
34	S	6	1	1	0.307352	283.675222	0.824817	0
35	S	6	3	3	0.289725	284.524842	0.825346	0
36	S	6	4	4	0.327595	285.374977	0.825110	0
37	S	6	2	2	0.277041	286.225528	0.824512	0
38	S	6	1	1	0.243169	287.075399	0.824751	0
39	S	6	2	2	0.449497	287.925071	0.824951	0
40	S	6	3	3	0.254667	288.775903	0.824231	0
41	S	6	1	1	0.428912	289.625614	0.824409	0
42	S	6	4	4	0.314283	290.476258	0.823904	0
43	S	6	3	3	0.320316	291.326254	0.823919	0
44	S	6	2	2	0.286415	292.176152	0.824022	0
45	S	6	4	4	0.323977	293.026593	0.823553	0
46	S	6	1	1	0.282072	293.876497	0.823544	0
47	S	6	3	3	0.423688	294.726871	0.823298	0
48	S	6	4	4	0.422820	295.559748	0.840320	0
49	S	6	2	2	0.308441	296.410124	0.840032	0
50	S	6	1	1	0.306617	297.259950	0.840206	0
51	S	6	2	2	0.424047	298.110522	0.839495	0
52	S	6	3	3	0.253901	298.960664	0.839469	0
53	S	6	1	1	0.387672	299.810897	0.839258	0
54	S	6	4	4	0.265482	300.661030	0.839047	0
55	S	6	3	3	0.311421	301.511151	0.838976	0
56	S	6	2	2	0.277254	302.361316	0.838770	0
57	S	6	4	4	0.227558	303.210979	0.839144	0
58	S	6	1	1	0.233027	304.061547	0.838499	0
59	S	6	3	3	0.327754	304.910815	0.839274	0
60	S	6	4	4	0.396623	305.761909	0.838250	0
61	S	6	2	2	0.403028	306.611541	0.838537	0
62	S	6	1	1	0.272501	307.462071	0.838014	0
63	S	6	2	2	0.310317	308.312244	0.837898	0
64	S	6	3	3	0.332469	309.162100	0.837984	0
65	S	6	1	1	0.394233	310.012323	0.837813	0
66	S	6	4	4	0.287911	310.862656	0.837428	0
67	S	6	3	3	0.278060	311.712509	0.837500	0
68	S	6	2	2	0.252401	312.562169	0.837869	0
69	S	6	4	4	0.281971	313.412571	0.837502	0
70	S	6	1	1	0.231486	314.263086	0.836972	0
71	S	6	3	3	0.285784	315.112784	0.837295	0
72	S	6	4	4	0.275459	315.963095	0.836961	0
1	R	7	2	2	0.544477	330.815434	0.834571	0
2	R	7	1	1	0.694478	331.665593	0.834550	0
3	R	7	4	4	0.404138	332.515934	0.834204	0
4	R	7	3	3	0.274517	333.365542	0.834490	0
5	R	7	2	2	0.311787	334.216282	0.833812	0
6	R	7	1	1	0.342051	335.066017	0.834070	0
7	R	7	4	4	0.339909	335.916162	0.833969	0
8	R	7	3	3	0.305600	336.766504	0.833633	0
9	R	7	4	4	0.399217	337.616841	0.833209	0
10	R	7	1	1	0.453340	338.466728	0.833432	0
11	R	7	2	2	0.411028	339.317043	0.833000	0
12	R	7	3	3	0.313152	340.166888	0.833252	0
13	R	7	1	1	0.382735	341.017341	0.832671	0
14	R	7	4	4	0.000000	341.867483	0.832531	1
15	R	7	3	3	0.331243	342.716828	0.833217	0
16	R	7	2	2	0.440694	343.567379	0.832783	0
17	R	7	3	3	0.518421	344.417648	0.832411	0
18	R	7	2	2	0.524452	345.267617	0.832544	0
19	R	7	4	4	0.298428	346.117608	0.832448	0
20	R	7	1	1	0.303842	346.968227	0.831926	0
21	R	7	2	2	0.413794	347.818274	0.831756	0
22	R	7	1	1	0.436314	348.667754	0.832256	0
23	R	7	4	4	0.409846	349.518223	0.831834	0
24	R	7	3	3	0.303470	350.368601	0.831563	0
1	T	8	1	2	0.000000	365.221089	0.828964	1
2	T	8	2	3	0.000000	366.070352	0.829720	1
3	T	8	4	1	0.555959	366.921227	0.828823	1
4	T	8	3	4	0.585963	367.771293	0.828738	0
5	T	8	1	2	0.663940	368.621256	0.828920	0
6	T	8	3	4	0.485756	369.471436	0.828707	0
7	T	8	2	3	0.595783	370.321414	0.828710	0
8	T	8	4	1	0.633684	371.171511	0.828682	0
9	T	8	3	4	0.511084	372.022110	0.828043	0
10	T	8	2	3	0.565059	372.872135	0.827907	0
11	T	8	1	2	0.666811	373.722385	0.827647	0
12	T	8	4	1	0.753188	374.571975	0.828180	0
13	T	8	2	3	0.574595	375.422592	0.827436	0
14	T	8	1	2	0.669132	376.272064	0.828071	0
15	T	8	3	4	0.554477	377.122717	0.827458	0
16	T	8	4	1	0.544580	377.972614	0.827485	0
17	T	8	1	2	0.518544	378.822654	0.827441	0
18	T	8	2	3	0.556869	379.672323	0.827704	0
19	T	8	4	1	0.601790	380.523398	0.826671	0
20	T	8	3	4	0.623745	381.373451	0.826636	0
21	T	8	1	2	0.646042	382.223154	0.826882	0
22	T	8	4	1	0.715395	383.073800	0.826290	0
23	T	8	3	4	0.689232	383.923962	0.826202	0
24	T	8	2	3	0.000000	384.773602	0.826532	1
25	T	8	4	1	0.692981	385.624214	0.825834	0
26	T	8	3	4	0.763308	386.473889	0.826262	0
27	T	8	2	3	0.000000	387.324384	0.825737	1
28	T	8	1	2	0.000000	388.174290	0.825801	1
29	T	8	3	4	0.589201	389.024034	0.826111	0
30	T	8	1	2	0.538500	389.874697	0.825321	0
31	T	8	2	3	0.000000	390.724681	0.825447	1
32	T	8	4	1	0.000000	391.575095	0.824974	1
33	T	8	3	4	0.000000	392.424898	0.825230	1
34	T	8	2	3	0.698372	393.274791	0.825382	1
35	T	8	1	2	0.455920	394.125275	0.824776	0
36	T	8	4	1	0.605847	394.975358	0.824760	0
37	T	8	2	3	0.819923	395.825297	0.824732	0
38	T	8	4	1	0.000000	396.675846	0.824217	1
39	T	8	1	2	0.775787	397.525411	0.824715	1
40	T	8	3	4	0.621055	398.376125	0.823956	0
41	T	8	1	2	0.498970	399.226211	0.823912	0
42	T	8	4	1	0.696988	400.076207	0.823890	0
43	T	8	3	4	0.807435	400.925759	0.824367	0
44	T	8	2	3	0.000000	401.776145	0.823882	1
45	T	8	4	1	0.000000	402.626121	0.823938	1
46	T	8	1	2	0.609301	403.459897	0.840136	1
47	T	8	2	3	0.000000	404.309863	0.840294	1
48	T	8	3	4	0.005180	405.160013	0.840094	0
49	T	8	1	2	0.000000	406.010596	0.839589	1
50	T	8	3	4	0.680423	406.860764	0.839274	1
51	T	8	2	3	0.590280	407.710906	0.839168	0
52	T	8	4	1	0.548715	408.560477	0.839569	0
53	T	8	1	2	0.506356	409.410841	0.839166	0
54	T	8	4	1	0.480437	410.260740	0.839339	0
55	T	8	3	4	0.509753	411.111440	0.838636	0
56	T	8	2	3	0.000000	411.961490	0.838588	1
57	T	8	3	4	0.521627	412.811543	0.838568	0
58	T	8	4	1	0.632308	413.660885	0.839244	0
59	T	8	1	2	0.413247	414.511946	0.838091	0
60	T	8	2	3	0.000000	415.361952	0.838203	1
61	T	8	1	2	0.000000	416.211595	0.838574	1
62	T	8	3	4	0.447444	417.061752	0.838316	0
63	T	8	2	3	0.469478	417.911716	0.838380	0
64	T	8	4	1	0.786788	418.762394	0.837750	0
65	T	8	2	3	0.632961	419.612233	0.837773	0
66	T	8	3	4	0.574341	420.462854	0.837262	0
67	T	8	1	2	0.509133	421.312060	0.838030	0
68	T	8	4	1	0.546145	422.163050	0.837114	0
69	T	8	1	2	0.504011	423.013179	0.836925	0
70	T	8	4	1	0.000000	423.862901	0.837226	1
71	T	8	3	4	0.739653	424.713541	0.836629	0
72	T	8	2	3	0.000000	425.563068	0.836934	1
1	R	9	4	4	0.726960	440.415200	0.834962	0
2	R	9	3	3	0.468586	441.265710	0.834425	0
3	R	9	2	2	0.402221	442.116066	0.834036	0
4	R	9	1	1	0.319992	442.966325	0.833820	0
5	R	9	3	3	0.421916	443.816369	0.833713	0
6	R	9	4	4	0.339902	444.666418	0.833586	0
7	R	9	1	1	0.386419	445.515901	0.834145	0
8	R	9	2	2	0.343903	446.366416	0.833743	0
9	R	9	1	1	0.413888	447.216432	0.833681	0
10	R	9	4	4	0.379407	448.066914	0.833249	0
11	R	9	3	3	0.449784	448.916539	0.833632	0
12	R	9	2	2	0.295511	449.766807	0.833310	0
13	R	9	3	3	0.000000	450.616763	0.833383	1
14	R	9	2	2	0.539695	451.466625	0.833561	0
15	R	9	1	1	0.440757	452.317566	0.832441	0
16	R	9	4	4	0.430752	453.167567	0.832536	0
17	R	9	2	2	0.349000	454.017286	0.832781	0
18	R	9	3	3	0.474233	454.868088	0.832021	0
19	R	9	1	1	0.352142	455.718176	0.831983	0
20	R	9	4	4	0.350218	456.568103	0.831963	0
21	R	9	3	3	0.420519	457.417800	0.832378	0
22	R	9	4	4	0.409702	458.268618	0.831488	0
23	R	9	1	1	0.423649	459.118673	0.831504	0
24	R	9	2	2	0.349891	459.968428	0.831699	0
