event	type	value	time
0	start	start	55692.471778
1	cue	R	0.020701
2	R	2	2.016246
0	key	2@	55695.071683
3	removal	2	2.618442
4	R	3	2.868479
0	key	9(	55695.687676
5	removal	3	3.468558
6	R	1	3.718605
0	key	1!	55696.447678
7	removal	1	4.318695
8	R	4	4.568737
0	key	2@	55697.247677
0	key	0)	55697.359705
9	removal	4	5.168816
10	R	3	5.418882
0	key	9(	55698.207744
11	removal	3	6.018949
12	R	2	6.268998
0	key	2@	55699.023710
13	removal	2	6.869095
14	R	4	7.119131
0	key	0)	55699.863708
15	removal	4	7.719213
16	R	1	7.969255
0	key	1!	55700.743713
17	removal	1	8.569357
18	R	2	8.819383
0	key	2@	55701.575678
19	removal	2	9.419455
20	R	1	9.669511
0	key	1!	55702.447680
21	removal	1	10.269607
22	R	3	10.519646
0	key	9(	55703.263708
23	removal	3	11.119724
24	R	4	11.369754
0	key	0)	55704.103710
25	removal	4	11.969856
26	R	1	12.219891
0	key	1!	55705.071709
27	removal	1	12.820008
28	R	2	13.070035
0	key	2@	55705.847708
29	removal	2	13.670122
30	R	4	13.920152
0	key	0)	55706.679711
31	removal	4	14.520247
32	R	3	14.770295
0	key	9(	55707.527706
33	removal	3	15.370396
34	R	4	15.620430
0	key	0)	55708.383680
35	removal	4	16.220506
36	R	3	16.470554
0	key	9(	55709.287708
37	removal	3	17.070658
38	R	1	17.320680
0	key	2@	55710.103710
0	key	1!	55710.207707
39	removal	1	17.920766
40	R	2	18.170806
0	key	2@	55710.975698
41	removal	2	18.770905
42	R	4	19.020935
0	key	0)	55711.759710
43	removal	4	19.621023
44	R	1	19.871056
0	key	1!	55712.639710
45	removal	1	20.471150
46	R	3	20.721182
0	key	9(	55713.463708
47	removal	3	21.321300
48	R	2	21.571330
0	key	2@	55714.319712
49	removal	2	22.171446
50	rest	+	22.421465
51	cue	T	34.421255
52	T	3	36.421509
53	removal	3	37.023664
0	key	0)	55729.535720
54	T	4	37.273739
0	key	1!	55730.231709
55	removal	4	37.873835
56	T	2	38.123859
0	key	9(	55730.951710
57	removal	2	38.723942
58	T	1	38.973981
0	key	2@	55731.839708
59	removal	1	39.574083
60	T	2	39.824113
0	key	9(	55732.647716
61	removal	2	40.424214
62	T	4	40.674236
0	key	1!	55733.535710
63	removal	4	41.274344
64	T	1	41.524396
0	key	2@	55734.263711
65	removal	1	42.124482
66	T	3	42.374504
0	key	0)	55735.207706
67	removal	3	42.974596
68	T	1	43.224647
0	key	2@	55736.047709
69	removal	1	43.824733
70	T	4	44.074749
0	key	1!	55737.047711
71	removal	4	44.674849
72	T	3	44.924883
0	key	0)	55737.831681
73	removal	3	45.524987
74	T	2	45.775015
0	key	9(	55738.719702
75	removal	2	46.375109
76	T	1	46.625161
0	key	2@	55739.447714
77	removal	1	47.225249
78	T	2	47.475289
0	key	9(	55740.343709
79	removal	2	48.075360
80	T	4	48.325432
0	key	1!	55741.151699
81	removal	4	48.925502
82	T	3	49.175550
0	key	0)	55742.111709
83	removal	3	49.775618
84	T	2	50.025692
0	key	9(	55742.943709
85	removal	2	50.625787
86	T	1	50.875812
0	key	1!	55743.671712
87	removal	1	51.475902
88	T	3	51.725946
0	key	0)	55744.607709
89	removal	3	52.326037
90	T	4	52.576074
0	key	1!	55745.575710
91	removal	4	53.176161
92	T	2	53.426214
0	key	9(	55746.423710
93	removal	2	54.026291
94	T	3	54.276314
0	key	0)	55747.183710
95	removal	3	54.876423
96	T	4	55.126444
97	removal	4	55.726534
0	key	1!	55748.183850
98	T	1	55.976605
0	key	2@	55748.847693
99	removal	1	56.576676
100	T	3	56.826718
0	key	0)	55749.679708
101	removal	3	57.426809
102	T	4	57.676843
0	key	1!	55750.623709
103	removal	4	58.276949
104	T	1	58.526980
0	key	2@	55751.463711
105	removal	1	59.127073
106	T	2	59.377108
0	key	9(	55752.239680
107	removal	2	59.960511
108	T	1	60.227223
109	removal	1	60.810656
0	key	2@	55753.295710
110	T	3	61.060693
0	key	0)	55753.951717
111	removal	3	61.660782
112	T	4	61.910833
0	key	1!	55754.903682
113	removal	4	62.510924
114	T	2	62.760954
0	key	9(	55755.727713
115	removal	2	63.361039
116	T	4	63.611078
0	key	1!	55756.551708
117	removal	4	64.211175
118	T	1	64.461228
0	key	9(	55757.343709
119	removal	1	65.061308
120	T	2	65.311351
0	key	9(	55758.231706
121	removal	2	65.911446
122	T	3	66.161498
0	key	0)	55759.071709
123	removal	3	66.761593
124	T	1	67.011634
0	key	2@	55759.847689
125	removal	1	67.611717
126	T	3	67.861765
0	key	0)	55760.711710
127	removal	3	68.461817
128	T	2	68.711890
0	key	9(	55761.679742
129	removal	2	69.311969
130	T	4	69.562014
0	key	1!	55762.447708
131	removal	4	70.162091
132	T	3	70.412121
0	key	0)	55763.255713
133	removal	3	71.012212
134	T	2	71.262263
0	key	2@	55764.103681
135	removal	2	71.862355
136	T	1	72.112393
0	key	2@	55765.015709
137	removal	1	72.712493
138	T	4	72.962523
0	key	1!	55765.951711
139	removal	4	73.562621
140	T	3	73.812664
0	key	0)	55766.679711
141	removal	3	74.412756
142	T	2	74.662794
0	key	9(	55767.583710
143	removal	2	75.262861
144	T	1	75.512941
0	key	2@	55768.367710
145	removal	1	76.112988
146	T	4	76.363058
0	key	1!	55769.271710
147	removal	4	76.963119
148	T	3	77.213158
0	key	0)	55770.103678
149	removal	3	77.813265
150	T	1	78.063289
0	key	2@	55770.903715
151	removal	1	78.663397
152	T	4	78.913443
0	key	1!	55771.799707
153	removal	4	79.513538
154	T	2	79.763569
0	key	9(	55772.647710
155	removal	2	80.363659
156	T	3	80.613706
0	key	0)	55773.479709
157	removal	3	81.213806
158	T	2	81.463846
0	key	2@	55774.335712
159	removal	2	82.063933
160	T	1	82.313971
0	key	2@	55775.191691
161	removal	1	82.914040
162	T	4	83.164104
0	key	1!	55776.095699
163	removal	4	83.764162
164	T	2	84.014206
0	key	9(	55776.903711
165	removal	2	84.614308
166	T	1	84.864343
0	key	2@	55777.719709
167	removal	1	85.464431
168	T	4	85.714470
0	key	1!	55778.591708
169	removal	4	86.314566
170	T	3	86.564616
0	key	0)	55779.463685
171	removal	3	87.164698
172	T	4	87.414747
0	key	1!	55780.359709
173	removal	4	88.014854
174	T	2	88.264878
0	key	9(	55781.119715
175	removal	2	88.864957
176	T	3	89.115018
0	key	0)	55782.031708
177	removal	3	89.715109
178	T	1	89.965147
0	key	2@	55782.775708
179	removal	1	90.565211
180	T	3	90.815280
0	key	0)	55783.615684
181	removal	3	91.415350
182	T	2	91.665392
0	key	9(	55784.679710
183	removal	2	92.265484
184	T	4	92.515527
185	removal	4	93.115624
0	key	1!	55785.623709
186	T	1	93.365657
187	removal	1	93.965729
0	key	2@	55786.455718
188	T	3	94.215782
0	key	0)	55787.071682
189	removal	3	94.815876
190	T	2	95.065915
0	key	9(	55787.991707
191	removal	2	95.666009
192	T	1	95.916059
0	key	2@	55788.831710
193	removal	1	96.516149
194	T	4	96.766158
0	key	1!	55789.687661
195	removal	4	97.366245
196	rest	+	97.616297
197	cue	R	109.616115
198	R	4	111.616389
199	removal	4	112.218553
0	key	1!	55804.679871
200	R	1	112.468578
0	key	1!	55805.311709
201	removal	1	113.068668
202	R	3	113.318706
0	key	9(	55806.223716
203	removal	3	113.918812
204	R	2	114.168848
0	key	2@	55807.039718
205	removal	2	114.768935
206	R	1	115.018988
0	key	1!	55807.919709
207	removal	1	115.619085
208	R	4	115.869090
0	key	0)	55808.791709
209	removal	4	116.469193
210	R	2	116.719255
0	key	2@	55809.615707
211	removal	2	117.319341
212	R	3	117.569367
213	removal	3	118.169451
0	key	9(	55810.695706
214	R	1	118.419505
0	key	1!	55811.255711
215	removal	1	119.019598
216	R	2	119.269620
0	key	2@	55812.087711
217	removal	2	119.869726
218	R	4	120.119744
0	key	0)	55812.991677
219	removal	4	120.719857
220	R	3	120.969884
0	key	9(	55813.863709
221	removal	3	121.569988
222	R	4	121.820020
0	key	0)	55814.823711
223	removal	4	122.420125
224	R	3	122.670156
0	key	9(	55815.527709
225	removal	3	123.270256
226	R	1	123.520304
0	key	1!	55816.351709
227	removal	1	124.120384
228	R	2	124.370425
0	key	2@	55817.151710
229	removal	2	124.970525
230	R	1	125.220547
0	key	1!	55818.007711
231	removal	1	125.820638
232	R	2	126.070680
0	key	2@	55818.839710
233	removal	2	126.670770
234	R	4	126.920814
0	key	0)	55819.679708
235	removal	4	127.520903
236	R	3	127.770944
0	key	9(	55820.567709
237	removal	3	128.371017
238	R	1	128.621068
0	key	1!	55821.455676
239	removal	1	129.221155
240	R	4	129.471189
0	key	0)	55822.231711
241	removal	4	130.071295
242	R	2	130.321352
0	key	2@	55823.055712
243	removal	2	130.921441
244	R	3	131.171446
0	key	9(	55823.935692
245	removal	3	131.771551
246	rest	+	132.021598
247	cue	S	144.021414
248	S	1	146.021662
0	key	1!	55838.999712
249	removal	1	146.623845
250	S	3	146.873875
0	key	9(	55839.751711
251	removal	3	147.473979
252	S	4	147.724012
0	key	0)	55840.511711
253	removal	4	148.324113
254	S	2	148.574134
0	key	2@	55841.287697
255	removal	2	149.174220
256	S	1	149.424283
0	key	1!	55842.159709
257	removal	1	150.024372
258	S	2	150.274418
0	key	2@	55843.039708
259	removal	2	150.874489
260	S	3	151.124518
0	key	9(	55843.879711
261	removal	3	151.724644
262	S	1	151.974656
0	key	1!	55844.719713
263	removal	1	152.574747
264	S	4	152.824774
0	key	0)	55845.591691
265	removal	4	153.424885
266	S	3	153.674929
0	key	9(	55846.463709
267	removal	3	154.275026
268	S	2	154.525058
0	key	2@	55847.223710
269	removal	2	155.125159
270	S	4	155.375185
0	key	0)	55848.143711
271	removal	4	155.975300
272	S	1	156.225303
0	key	1!	55848.983709
273	removal	1	156.825425
274	S	3	157.075449
0	key	9(	55849.847710
275	removal	3	157.675533
276	S	4	157.925584
0	key	0)	55850.687710
277	removal	4	158.525685
278	S	2	158.775703
0	key	2@	55851.503712
279	removal	2	159.375798
280	S	1	159.625829
0	key	1!	55852.367710
281	removal	1	160.225928
282	S	2	160.475977
0	key	2@	55853.247677
283	removal	2	161.076066
284	S	3	161.326121
0	key	9(	55854.071708
285	removal	3	161.926180
286	S	1	162.176238
0	key	1!	55854.919707
287	removal	1	162.776308
288	S	4	163.026380
0	key	0)	55855.759685
289	removal	4	163.626439
290	S	3	163.876499
0	key	9(	55856.631709
291	removal	3	164.476569
292	S	2	164.726626
0	key	2@	55857.375711
293	removal	2	165.326698
294	S	4	165.576745
0	key	0)	55858.335682
295	removal	4	166.176822
296	S	1	166.426895
0	key	1!	55859.175711
297	removal	1	167.026987
298	S	3	167.277009
0	key	9(	55859.999709
299	removal	3	167.877104
300	S	4	168.127138
0	key	2@	55860.815691
0	key	0)	55860.927708
301	removal	4	168.710553
302	S	2	168.960588
0	key	2@	55861.791711
303	removal	2	169.560688
304	S	1	169.810726
0	key	1!	55862.575675
305	removal	1	170.410835
306	S	2	170.660859
0	key	2@	55863.463710
307	removal	2	171.260971
308	S	3	171.510999
0	key	9(	55864.263682
309	removal	3	172.111101
310	S	1	172.361136
0	key	1!	55865.143709
311	removal	1	172.961226
312	S	4	173.211263
0	key	0)	55865.951699
313	removal	4	173.811362
314	S	3	174.061406
0	key	9(	55866.839708
315	removal	3	174.661512
316	S	2	174.911545
0	key	2@	55867.647706
317	removal	2	175.511632
318	S	4	175.761658
0	key	0)	55868.535710
319	removal	4	176.361740
320	S	1	176.611773
0	key	1!	55869.359711
321	removal	1	177.211861
322	S	3	177.461899
0	key	9(	55870.191686
323	removal	3	178.061999
324	S	4	178.312044
0	key	0)	55871.087710
325	removal	4	178.912144
326	S	2	179.162168
0	key	2@	55871.927697
327	removal	2	179.762274
328	S	1	180.012305
0	key	1!	55872.759712
329	removal	1	180.612414
330	S	2	180.862445
0	key	9(	55873.551715
331	removal	2	181.462534
332	S	3	181.712589
0	key	9(	55874.535709
333	removal	3	182.312674
334	S	1	182.562705
0	key	1!	55875.311704
335	removal	1	183.162813
336	S	4	183.412840
0	key	0)	55876.175684
337	removal	4	184.012916
338	S	3	184.262957
0	key	9(	55877.031681
339	removal	3	184.863051
340	S	2	185.113085
0	key	2@	55877.847716
341	removal	2	185.713195
342	S	4	185.963214
0	key	0)	55878.735710
343	removal	4	186.563319
344	S	1	186.813351
0	key	1!	55879.583707
345	removal	1	187.413448
346	S	3	187.663485
0	key	9(	55880.407707
347	removal	3	188.263583
348	S	4	188.513615
0	key	0)	55881.431710
349	removal	4	189.113728
350	S	2	189.363759
0	key	2@	55882.143728
351	removal	2	189.963864
352	S	1	190.213897
0	key	1!	55882.927709
353	removal	1	190.813992
354	S	2	191.064027
0	key	2@	55884.055710
355	removal	2	191.664089
356	S	3	191.914124
0	key	9(	55884.727710
357	removal	3	192.514218
358	S	1	192.764259
0	key	1!	55885.495717
359	removal	1	193.364359
360	S	4	193.614403
0	key	0)	55886.367708
361	removal	4	194.214506
362	S	3	194.464534
0	key	9(	55887.223711
363	removal	3	195.064643
364	S	2	195.314661
0	key	2@	55888.039710
365	removal	2	195.914753
366	S	4	196.164794
0	key	0)	55888.903694
367	removal	4	196.764894
368	S	1	197.014906
0	key	1!	55889.751706
369	removal	1	197.615003
370	S	3	197.865042
0	key	9(	55890.599701
371	removal	3	198.465141
372	S	4	198.715173
0	key	0)	55891.487695
373	removal	4	199.315285
374	S	2	199.565318
0	key	2@	55892.311711
375	removal	2	200.165400
376	S	1	200.415432
0	key	1!	55893.175711
377	removal	1	201.015534
378	S	2	201.265575
0	key	2@	55894.071710
379	removal	2	201.865683
380	S	3	202.115715
0	key	9(	55894.959677
381	removal	3	202.715793
382	S	1	202.965840
0	key	1!	55895.727675
383	removal	1	203.565946
384	S	4	203.815988
0	key	0)	55896.575713
385	removal	4	204.416064
386	S	3	204.666096
0	key	9(	55897.447711
387	removal	3	205.266174
388	S	2	205.516252
0	key	2@	55898.239716
389	removal	2	206.116321
390	S	4	206.366354
0	key	0)	55899.135711
391	removal	4	206.966478
392	rest	+	207.216511
393	cue	R	219.216310
394	R	1	221.216575
395	removal	1	221.818739
0	key	1!	55914.313311
396	R	4	222.068776
0	key	0)	55914.913470
397	removal	4	222.668876
398	R	2	222.918923
0	key	2@	55915.681478
399	removal	2	223.519021
400	R	3	223.769055
0	key	9(	55916.505469
401	removal	3	224.369123
402	R	2	224.619191
0	key	1!	55917.377463
403	removal	2	225.219264
404	R	3	225.469323
0	key	9(	55918.225459
405	removal	3	226.069407
406	R	1	226.319448
0	key	2@	55919.065432
407	removal	1	226.919522
408	R	4	227.169553
0	key	0)	55919.929468
409	removal	4	227.769659
410	R	3	228.019680
0	key	9(	55920.777459
411	removal	3	228.619787
412	R	4	228.869847
0	key	0)	55921.641441
413	removal	4	229.469912
414	R	2	229.719953
0	key	2@	55922.481442
415	removal	2	230.320029
416	R	1	230.570105
0	key	1!	55923.281463
417	removal	1	231.170179
418	R	2	231.420237
0	key	2@	55924.201430
419	removal	2	232.020318
420	R	1	232.270363
0	key	1!	55925.081459
421	removal	1	232.870426
422	R	3	233.120493
0	key	9(	55925.857461
423	removal	3	233.720568
424	R	4	233.970634
0	key	0)	55926.705461
425	removal	4	234.570714
426	R	2	234.820753
0	key	2@	55927.545461
427	removal	2	235.420846
428	R	1	235.670886
0	key	1!	55928.425458
429	removal	1	236.270981
430	R	3	236.521007
0	key	9(	55929.225426
431	removal	3	237.121108
432	R	4	237.371133
0	key	0)	55930.129450
433	removal	4	237.971226
434	R	2	238.221270
0	key	2@	55930.953458
435	removal	2	238.821358
436	R	3	239.071405
0	key	9(	55931.833427
437	removal	3	239.671491
438	R	1	239.921536
0	key	1!	55932.673460
439	removal	1	240.521617
440	R	4	240.771667
0	key	0)	55933.481463
441	removal	4	241.371737
442	rest	+	241.621803
443	cue	S	253.621600
444	S	2	255.621876
0	key	2@	55948.649434
445	removal	2	256.224053
446	S	1	256.474074
0	key	1!	55949.313431
447	removal	1	257.074179
448	S	2	257.324234
0	key	2@	55950.097460
449	removal	2	257.924314
450	S	3	258.174346
0	key	9(	55950.945461
451	removal	3	258.774428
452	S	1	259.024461
0	key	1!	55951.833462
453	removal	1	259.624557
454	S	4	259.874601
0	key	0)	55952.657461
455	removal	4	260.474688
456	S	3	260.724723
0	key	9(	55953.473441
457	removal	3	261.324821
458	S	2	261.574855
0	key	2@	55954.321459
459	removal	2	262.174942
460	S	4	262.424993
0	key	0)	55955.193460
461	removal	4	263.025096
462	S	1	263.275123
0	key	1!	55956.025433
463	removal	1	263.875220
464	S	3	264.125263
0	key	9(	55956.881459
465	removal	3	264.725343
466	S	4	264.975375
0	key	0)	55957.737460
467	removal	4	265.575482
468	S	2	265.825510
0	key	2@	55958.553460
469	removal	2	266.425613
470	S	1	266.675657
0	key	1!	55959.361460
471	removal	1	267.275742
472	S	2	267.525784
0	key	2@	55960.305438
473	removal	2	268.125889
474	S	3	268.375911
0	key	9(	55961.121418
475	removal	3	268.975994
476	S	1	269.226036
0	key	1!	55961.969461
477	removal	1	269.826125
478	S	4	270.076185
0	key	0)	55962.809427
479	removal	4	270.676266
480	S	3	270.926325
0	key	9(	55963.673459
481	removal	3	271.526410
482	S	2	271.776437
0	key	2@	55964.505461
483	removal	2	272.376525
484	S	4	272.626594
0	key	0)	55965.369447
485	removal	4	273.226663
486	S	1	273.476710
0	key	1!	55966.217460
487	removal	1	274.076769
488	S	3	274.326820
0	key	9(	55967.081460
489	removal	3	274.926917
490	S	4	275.176959
0	key	0)	55967.905468
491	removal	4	275.760381
492	S	2	276.010405
0	key	2@	55968.745460
493	removal	2	276.610503
494	S	1	276.860550
0	key	1!	55969.633459
495	removal	1	277.460642
496	S	2	277.710672
0	key	2@	55970.497462
497	removal	2	278.310783
498	S	3	278.560810
0	key	9(	55971.321432
499	removal	3	279.160912
500	S	1	279.410931
0	key	1!	55972.177458
501	removal	1	280.011047
502	S	4	280.261083
0	key	0)	55973.001461
503	removal	4	280.861177
504	S	3	281.111219
0	key	9(	55973.897458
505	removal	3	281.711312
506	S	2	281.961346
0	key	2@	55974.657460
507	removal	2	282.561452
508	S	4	282.811486
0	key	0)	55975.569460
509	removal	4	283.411591
510	S	1	283.661578
0	key	1!	55976.489460
511	removal	1	284.261692
512	S	3	284.511762
0	key	9(	55977.217457
513	removal	3	285.111814
514	S	4	285.361853
0	key	0)	55978.105459
515	removal	4	285.961959
516	S	2	286.211982
0	key	2@	55978.945460
517	removal	2	286.812091
518	S	1	287.062136
0	key	1!	55979.817454
519	removal	1	287.662224
520	S	2	287.912272
0	key	9(	55980.601439
521	removal	2	288.512365
522	S	3	288.762405
0	key	9(	55981.489427
523	removal	3	289.362504
524	S	1	289.612524
0	key	1!	55982.465412
525	removal	1	290.212625
526	S	4	290.462653
0	key	0)	55983.193463
527	removal	4	291.062727
528	S	3	291.312752
0	key	9(	55984.089459
529	removal	3	291.912855
530	S	2	292.162906
0	key	2@	55984.865461
531	removal	2	292.762996
532	S	4	293.013037
0	key	0)	55985.761451
533	removal	4	293.613136
534	S	1	293.863167
0	key	1!	55986.641460
535	removal	1	294.463270
536	S	3	294.713305
0	key	9(	55987.473461
537	removal	3	295.313399
538	S	4	295.563442
0	key	0)	55988.353459
539	removal	4	296.163531
540	S	2	296.413579
0	key	2@	55989.129461
541	removal	2	297.013652
542	S	1	297.263712
0	key	1!	55990.017461
543	removal	1	297.863795
544	S	2	298.113838
0	key	2@	55990.929459
545	removal	2	298.713898
546	S	3	298.963939
0	key	9(	55991.729461
547	removal	3	299.564042
548	S	1	299.814084
0	key	1!	55992.561454
549	removal	1	300.414168
550	S	4	300.664213
0	key	0)	55993.417463
551	removal	4	301.264306
552	S	3	301.514340
0	key	9(	55994.257416
553	removal	3	302.114447
554	S	2	302.364474
0	key	2@	55995.089481
555	removal	2	302.964577
556	S	4	303.214627
0	key	0)	55995.961459
557	removal	4	303.814711
558	S	1	304.064755
0	key	1!	55996.817460
559	removal	1	304.664827
560	S	3	304.914887
0	key	0)	55997.601458
561	removal	3	305.514976
562	S	4	305.765023
0	key	0)	55998.553461
563	removal	4	306.365102
564	S	2	306.615124
0	key	2@	55999.345438
565	removal	2	307.215211
566	S	1	307.465254
0	key	1!	56000.201444
567	removal	1	308.065370
568	S	2	308.315387
0	key	2@	56001.161462
569	removal	2	308.915498
570	S	3	309.165544
0	key	9(	56001.913428
571	removal	3	309.765638
572	S	1	310.015637
0	key	1!	56002.801459
573	removal	1	310.615750
574	S	4	310.865807
0	key	0)	56003.593459
575	removal	4	311.465897
576	S	3	311.715935
0	key	9(	56004.473457
577	removal	3	312.316003
578	S	2	312.566053
0	key	2@	56005.273471
579	removal	2	313.166136
580	S	4	313.416175
0	key	0)	56006.161462
581	removal	4	314.016269
582	S	1	314.266300
0	key	1!	56007.009428
583	removal	1	314.866410
584	S	3	315.116438
0	key	9(	56007.857460
585	removal	3	315.716523
586	S	4	315.966578
0	key	0)	56008.737461
587	removal	4	316.566670
588	rest	+	316.816719
0	key	2@	56009.505460
589	cue	R	328.816510
590	R	2	330.816793
591	removal	2	331.418957
0	key	2@	56023.920433
592	R	1	331.669014
0	key	1!	56024.464560
593	removal	1	332.269087
594	R	4	332.519146
0	key	0)	56025.336587
595	removal	4	333.119224
596	R	3	333.369264
0	key	9(	56026.120586
597	removal	3	333.969350
598	R	2	334.219383
0	key	2@	56026.944585
599	removal	2	334.819485
600	R	1	335.069512
0	key	1!	56027.760554
601	removal	1	335.669619
602	R	4	335.919644
0	key	0)	56028.720584
603	removal	4	336.519760
604	R	3	336.769790
0	key	9(	56029.504587
605	removal	3	337.369889
606	R	4	337.619912
0	key	0)	56030.384590
607	removal	4	338.220022
608	R	1	338.470056
0	key	2@	56031.224595
0	key	1!	56031.344582
609	removal	1	339.070141
610	R	2	339.320177
0	key	2@	56032.072586
611	removal	2	339.920249
612	R	3	340.170301
0	key	9(	56032.904587
613	removal	3	340.770383
614	R	1	341.020447
0	key	1!	56033.776594
615	removal	1	341.620535
616	R	4	341.870565
0	key	0)	56034.592586
617	removal	4	342.470664
618	R	3	342.720687
0	key	9(	56035.448587
619	removal	3	343.320798
620	R	2	343.570833
0	key	2@	56036.272563
621	removal	2	344.170912
622	R	3	344.420958
0	key	0)	56037.152587
623	removal	3	345.021034
0	key	9(	56037.568593
624	R	2	345.271093
0	key	2@	56038.160586
625	removal	2	345.871187
626	R	4	346.121219
0	key	0)	56038.856554
627	removal	4	346.721303
628	R	1	346.971365
0	key	1!	56039.744552
629	removal	1	347.571447
630	R	2	347.821462
0	key	1!	56040.616583
0	key	2@	56040.696586
631	removal	2	348.421577
632	R	1	348.671604
0	key	1!	56041.512584
633	removal	1	349.271698
634	R	4	349.521744
0	key	0)	56042.312587
635	removal	4	350.121845
636	R	3	350.371869
0	key	9(	56043.152593
637	removal	3	350.971970
638	rest	+	351.221997
0	key	2@	56043.896587
639	cue	T	363.221817
640	T	1	365.222083
0	key	2@	56058.248593
641	removal	1	365.824273
642	T	2	366.074277
0	key	9(	56058.888577
643	removal	2	366.674375
644	T	4	366.924442
0	key	1!	56059.768587
645	removal	4	367.524520
646	T	3	367.774546
0	key	0)	56060.608585
647	removal	3	368.374637
648	T	1	368.624688
0	key	2@	56061.376585
649	removal	1	369.224792
650	T	3	369.474826
0	key	0)	56062.328586
651	removal	3	370.074909
652	T	2	370.324953
0	key	9(	56063.216586
653	removal	2	370.925050
654	T	4	371.175095
0	key	0)	56063.944586
655	removal	4	371.775169
656	T	3	372.025227
0	key	0)	56064.960572
657	removal	3	372.625294
658	T	2	372.875361
0	key	9(	56065.824586
659	removal	2	373.475439
660	T	1	373.725478
0	key	2@	56066.560581
661	removal	1	374.325581
662	T	4	374.575597
0	key	1!	56067.456584
663	removal	4	375.175702
664	T	2	375.425753
0	key	9(	56068.296584
665	removal	2	376.025817
666	T	1	376.275861
0	key	2@	56069.152585
667	removal	1	376.875949
668	T	3	377.125995
0	key	0)	56069.952587
669	removal	3	377.726102
670	T	4	377.976107
0	key	1!	56070.944587
671	removal	4	378.576214
672	T	1	378.826248
0	key	2@	56071.680583
673	removal	1	379.426365
674	T	2	379.676399
0	key	9(	56072.520587
675	removal	2	380.276484
676	T	4	380.526517
0	key	1!	56073.312587
677	removal	4	381.126613
678	T	3	381.376643
0	key	0)	56074.216582
679	removal	3	381.976745
680	T	1	382.226786
0	key	2@	56075.096586
681	removal	1	382.826879
682	T	4	383.076917
0	key	1!	56076.032586
683	removal	4	383.660324
684	T	3	383.927040
0	key	0)	56076.800583
685	removal	3	384.510463
686	T	2	384.760501
0	key	9(	56077.640553
687	removal	2	385.360604
688	T	4	385.610640
0	key	1!	56078.552579
689	removal	4	386.210726
690	T	3	386.460776
0	key	0)	56079.360584
691	removal	3	387.060872
692	T	2	387.310897
0	key	9(	56080.240588
693	removal	2	387.911003
694	T	1	388.161037
0	key	2@	56081.096554
695	removal	1	388.761137
696	T	3	389.011168
0	key	0)	56081.832585
697	removal	3	389.611268
698	T	1	389.861305
0	key	2@	56082.640559
699	removal	1	390.461402
700	T	2	390.711435
0	key	9(	56083.576587
701	removal	2	391.311499
702	T	4	391.561549
0	key	1!	56084.464586
703	removal	4	392.161643
704	T	3	392.411679
0	key	0)	56085.240588
705	removal	3	393.011767
706	T	2	393.261818
0	key	9(	56086.088576
707	removal	2	393.861904
708	T	1	394.111935
0	key	2@	56086.968532
709	removal	1	394.712057
710	T	4	394.962075
0	key	1!	56087.840585
711	removal	4	395.562179
712	T	2	395.812216
0	key	9(	56088.648556
713	removal	2	396.412309
714	T	4	396.662351
0	key	1!	56089.552587
715	removal	4	397.262437
716	T	1	397.512475
0	key	9(	56090.376593
717	removal	1	398.112568
718	T	3	398.362612
0	key	0)	56091.168593
719	removal	3	398.962686
720	T	1	399.212720
0	key	2@	56092.016562
721	removal	1	399.812826
722	T	4	400.062847
0	key	1!	56093.000588
723	removal	4	400.662941
724	T	3	400.912992
0	key	0)	56093.768585
725	removal	3	401.513070
726	T	2	401.763129
0	key	9(	56094.632585
727	removal	2	402.363217
728	T	4	402.613251
0	key	1!	56095.472588
729	removal	4	403.213353
730	T	1	403.463398
0	key	2@	56096.320591
731	removal	1	404.063458
732	T	2	404.313533
0	key	9(	56097.128587
733	removal	2	404.913630
734	T	3	405.163629
0	key	0)	56098.016588
735	removal	3	405.763739
736	T	1	406.013758
0	key	2@	56098.880587
737	removal	1	406.613876
738	T	3	406.863904
0	key	0)	56099.720579
739	removal	3	407.464001
740	T	2	407.714039
0	key	9(	56100.600588
741	removal	2	408.314127
742	T	4	408.564152
0	key	1!	56101.480586
743	removal	4	409.164282
744	T	1	409.414301
0	key	2@	56102.240555
745	removal	1	410.014416
746	T	4	410.264439
0	key	1!	56103.192587
747	removal	4	410.864513
748	T	3	411.114566
0	key	0)	56103.952587
749	removal	3	411.714649
750	T	2	411.964698
0	key	9(	56104.816586
751	removal	2	412.564814
752	T	3	412.814847
0	key	0)	56105.664586
753	removal	3	413.414910
754	T	4	413.664938
0	key	1!	56106.592587
755	removal	4	414.265048
756	T	1	414.515074
0	key	2@	56107.368586
757	removal	1	415.115191
758	T	2	415.365220
0	key	9(	56108.176582
759	removal	2	415.965302
760	T	1	416.215336
0	key	1!	56109.056587
0	key	2@	56109.184583
761	removal	1	416.815455
762	T	3	417.065487
0	key	0)	56109.816587
763	removal	3	417.665580
764	T	2	417.915638
0	key	2@	56110.712556
765	removal	2	418.515692
766	T	4	418.765734
0	key	1!	56111.704588
767	removal	4	419.365834
768	T	2	419.615869
0	key	9(	56112.464553
769	removal	2	420.215948
770	T	3	420.466009
0	key	0)	56113.296556
771	removal	3	421.066081
772	T	1	421.316124
0	key	2@	56114.168591
773	removal	1	421.916233
774	T	4	422.166257
0	key	1!	56115.048552
775	removal	4	422.766359
776	T	1	423.016380
0	key	2@	56115.872561
777	removal	1	423.616504
778	T	4	423.866532
0	key	1!	56116.784594
779	removal	4	424.466628
780	T	3	424.716654
0	key	0)	56117.608587
781	removal	3	425.316758
782	T	2	425.566791
0	key	9(	56118.432584
783	removal	2	426.166873
784	rest	+	426.416911
785	cue	R	438.416737
786	R	4	440.416988
0	key	0)	56133.464589
787	removal	4	441.019158
788	R	3	441.269205
0	key	9(	56134.064588
789	removal	3	441.869291
790	R	2	442.119330
0	key	2@	56134.856586
791	removal	2	442.719416
792	R	1	442.969462
0	key	1!	56135.696553
793	removal	1	443.569562
794	R	3	443.819594
0	key	9(	56136.600560
795	removal	3	444.419694
796	R	4	444.669738
0	key	0)	56137.440587
797	removal	4	445.269820
798	R	1	445.519861
0	key	2@	56138.248582
0	key	1!	56138.376571
799	removal	1	446.119963
800	R	2	446.370006
0	key	2@	56139.176586
801	removal	2	446.970088
802	R	1	447.220146
0	key	1!	56140.008559
803	removal	1	447.820230
804	R	4	448.070244
0	key	0)	56140.832591
805	removal	4	448.670347
806	R	3	448.920383
0	key	9(	56141.656587
807	removal	3	449.520477
808	R	2	449.770520
0	key	2@	56142.472572
809	removal	2	450.370614
810	R	3	450.620658
0	key	9(	56143.384604
811	removal	3	451.220746
812	R	2	451.470804
0	key	2@	56144.216551
813	removal	2	452.070861
814	R	1	452.320895
0	key	1!	56145.056589
815	removal	1	452.921011
816	R	4	453.171026
0	key	0)	56145.920556
817	removal	4	453.771148
818	R	2	454.021168
0	key	2@	56146.784582
819	removal	2	454.621254
820	R	3	454.871305
0	key	9(	56147.608585
821	removal	3	455.471394
822	R	1	455.721436
0	key	1!	56148.480588
823	removal	1	456.321524
824	R	4	456.571566
0	key	0)	56149.248584
825	removal	4	457.171658
826	R	3	457.421700
0	key	2@	56150.064552
827	removal	3	458.021786
828	R	4	458.271836
0	key	0)	56151.072587
829	removal	4	458.871922
830	R	1	459.121962
0	key	1!	56151.936587
831	removal	1	459.722069
832	R	2	459.972083
0	key	2@	56152.832587
833	removal	2	460.572193
834	rest	+	460.822231
